48251
48267
48291
48304
48315
48336
48338
48346
48359
48369
48396
48407
48386
48423
48432
48450
48449
48451
48460
48468
48479
48492
48494
48505
48514
48525
48544
48556
48545
48578
48567
48589
48606
48616
48618
48627
48637
48656
48655
48667
48676
48695
48688
48709
48716
48736
48728
48742
48771
48770
48780
48790
48799
48812
48829
48830
48853
48836
48863
48870
48886
48894
48903
48911
48923
48940
48939
48941
48950
48963
48962
48973
48989
48990
49019
49001
49037
49051
49069
49070
49068
49101
49109
49092
49081
49147
49126
49127
49138
49178
49194
49158
49214
49223
49204
49192
49193
49249
49256
49311
49411
49410
49429
49435
49422
49417
49409
49430
49423
49439
49460
49459
49445
49461
49473
49464
49448
49469
49478
49485
49484
49486
49508
49499
49492
49491
49517
49531
49526
49518
49538
49542
49549
49552
49551
49560
49570
49572
49580
49593
49602
49592
49626
49636
49623
49634
49635
49641
49648
49660
49658
49676
49666
49667
49697
49699
49703
49706
49682
49710
49698
49743
49715
49727
49736
49758
49893
50111
50105
50094
50082
50108
50103
50104
50089
50118
50116
50132
50127
50128
50135
50140
50158
50146
50161
50164
50159
50172
50195
50179
50212
50190
50191
50198
50229
50203
50241
50234
50251
50226
50225
50238
50256
50248
50269
50249
50263
50282
50285
50300
50304
50308
50284
50297
50325
50318
50321
50320
50329
50362
50340
50352
50357
50350
50335
50369
50377
50385
50386
50387
50397
50402
50392
50416
50425
50424
50428
50433
50447
50457
50458
50459
50462
50467
50473
50478
50493
50494
50499
50504
50511
50522
50531
50532
50533
50537
50542
50549
50556
50569
50574
50568
50570
50611
50601
50603
50602
50582
50608
50620
50646
50651
50642
50627
50656
50663
50641
50639
50640
50691
50664
50676
50702
50701
50700
50681
50705
50708
50714
50720
50731
50737
50730
50745
50742
50767
50763
50762
50764
50772
50779
50797
50800
50785
50815
50798
50823
50810
50864
50835
50850
50841
50865
50836
50834
50838
50873
50868
50883
50897
50914
50908
50910
50909
50920
50925
50933
50958
50946
50953
50948
50966
50974
50991
50987
50996
50986
50985
51000
51017
51016
51007
51025
51024
51035
51030
51049
51048
51058
51050
51062
51075
51071
51091
51102
51093
51094
51098
51109
51118
51127
51128
51139
51134
51149
51160
51158
51159
51164
51167
51173
51182
51200
51202
51206
51212
51216
51227
51237
51235
51244
51240
51236
51256
51258
51268
51273
51269
51279
51285
51293
51305
51304
51306
51321
51311
51316
51330
51339
51348
51338
51369
51370
51372
51371
51376
51379
51388
51396
51405
51404
51416
51414
51429
51438
51437
51452
51439
51462
51446
51453
51473
51472
51486
51479
51493
51513
51500
51531
51514
51520
51539
51551
51560
51555
51552
51570
51572
51599
51594
51582
51585
51590
51614
51584
51624
51636
51632
51638
51627
51643
51654
51653
51655
51660
51664
51673
51681
51693
51692
51715
51699
51694
51710
51703
51722
51723
51740
51748
51728
51734
51763
51764
51762
51772
51775
51783
51789
51799
51804
51800
51812
51826
51856
51853
51860
51835
51851
51865
51852
51871
51885
51889
51882
51881
51896
51906
51919
51917
51918
51932
51933
51926
51947
51938
51955
51946
51959
51967
51973
51987
51988
51993
51998
51986
52005
52022
52007
52028
52024
52023
52034
52041
52050
52067
52066
52073
52080
52098
52103
52091
52092
52083
52090
52109
52120
52162
52166
52178
52183
52176
52177
52189
52199
52213
52229
52214
52222
52236
52241
52250
52249
52251
52259
52266
52275
52284
52298
52297
52306
52312
52319
52350
52361
52334
52365
52343
52355
52344
52383
52385
52391
52399
52407
52419
52417
52418
52429
52428
52435
52456
52457
52460
52441
52466
52476
52473
52492
52489
52491
52498
52506
52523
52524
52516
52528
52535
52541
52545
52557
52558
52564
52574
52592
52599
52593
52615
52583
52603
52613
52594
52629
52641
52630
52659
52664
52672
52674
52673
52652
52680
52685
52699
52696
52711
52710
52714
52720
52739
52748
52760
52763
52768
52762
52781
52844
52927
52926
52914
52952
52960
52998
53030
53029
53005
53041
53027
53051
53071
53057
53060
53078
53070
53096
53110
53085
53109
53107
53090
53116
53120
53133
53125
53144
53149
53166
53178
53172
53175
53193
53192
53191
53213
53208
53202
53218
53235
53236
53233
53241
53258
53246
53266
53265
53279
53275
53286
53289
53296
53297
53304
53309
53314
53322
53353
53360
53334
53352
53371
53370
53332
53364
53369
53382
53400
53387
53421
53428
53395
53436
53437
53445
53408
53410
53418
53472
53438
53452
53478
53456
53461
53489
53473
53484
53506
53505
53507
53513
53519
53523
53534
53568
53549
53576
53577
53578
53551
53561
53608
53590
53584
53607
53586
53613
53594
53617
53640
53638
53621
53624
53641
53647
53648
53654
53663
53678
53677
53689
53676
53694
53699
53683
53714
53736
53715
53747
53723
53730
53764
53766
53745
53778
53746
53779
53752
53758
53793
53781
53788
53800
53810
53811
53809
53820
53830
53845
53854
53865
53860
53856
53838
53870
53892
53878
53890
53891
53897
53908
53924
53901
53923
53912
53932
53950
53928
53937
53974
53963
53962
53964
53977
53988
53994
54009
54008
54016
54023
54028
54034
54046
54047
54045
54067
54052
54060
54113
54101
54089
54084
54083
54132
54136
54128
54094
54129
54127
54164
54165
54144
54147
54184
54163
54200
54211
54212
54193
54182
54219
54227
54238
54240
54244
54239
54255
54248
54273
54262
54272
54295
54296
54285
54310
54309
54300
54320
54308
54330
54365
54362
54336
54359
54344
54358
54383
54370
54392
54382
54373
54404
54384
54396
54429
54448
54415
54453
54427
54445
54463
54477
54479
54489
54478
54495
54515
54499
54504
54523
54535
54520
54533
54516
54548
54547
54546
54560
54556
54576
54566
54600
54609
54593
54594
54588
54607
54589
54630
54636
54624
54642
54653
54658
54665
54666
54657
54671
54678
54689
54690
54702
54708
54714
54738
54720
54746
54733
54734
54732
54741
54750
54760
54759
54771
54775
54784
54802
54803
54790
54816
54801
54806
54826
54830
54608
54840
54856
54861
54841
54867
55097
55113
55089
55091
55090
55102
55131
55116
55143
55130
55149
55134
55151
55169
55170
55173
55168
55176
55186
55194
55209
55215
55210
55219
55226
55229
55244
55245
55259
55264
55272
55269
55289
55290
55296
55305
55313
55320
55330
55365
55332
55339
55349
55363
55338
55331
55343
55364
55368
55375
55382
55381
55373
55383
55391
55397
55398
55406
55417
55416
55425
55429
55438
55437
55451
55453
55463
55460
55470
55490
55491
55496
55501
55507
55518
55519
55524
55520
55535
55531
55544
55562
55563
55571
55574
55579
55583
55606
55605
55604
55618
55641
55626
55640
55639
55648
55653
55659
55663
55679
55678
55685
55689
55710
55697
55711
55709
55694
55720
55724
55730
55734
55746
55747
55751
55757
55772
55765
55786
55787
55784
55797
55806
55813
55825
55836
55845
55860
55837
55851
55866
55882
55881
55879
55889
55892
55897
55900
55913
55912
55930
55938
55946
55949
55968
55971
55970
55978
55985
55997
56005
56026
56022
56033
56023
56039
56045
56055
56057
56062
56056
56068
56073
56076
56090
56089
56101
56093
56096
56108
56125
56124
56130
56142
56135
56140
56154
56152
56153
56160
56163
56172
56187
56197
56198
56208
56210
56222
56229
56231
56230
56249
56238
56243
56259
56269
56270
56281
56289
56273
56298
56311
56312
56313
56316
56319
56327
56352
56361
56331
56351
56354
56366
56375
56387
56385
56386
56396
56397
56417
56401
56430
56429
56440
56456
56448
56470
56478
56476
56477
56488
56495
56500
56522
56521
56523
56534
56530
56539
56551
56565
56564
56574
56580
56610
56586
56612
56597
56611
56619
56631
56620
56649
56663
56675
56679
56693
56694
56695
56703
56707
56717
56721
56732
56739
56740
56733
56748
56755
56767
56768
56766
56778
56782
56786
56797
56810
56811
56815
56819
56834
56855
56863
56854
56853
56866
56873
56886
56914
56908
56907
56917
56925
56936
56948
56950
56949
56959
56962
56967
56972
56988
56987
57352
57336
57363
57353
57351
57349
57358
57372
57381
57394
57385
57384
57399
57411
57428
57436
57439
57440
57446
57457
57465
57477
57476
57478
57479
57491
57488
57501
57506
57512
57516
57514
57513
57529
57525
57545
57558
57560
57561
57562
57574
57588
57605
57598
57615
57606
57599
57597
57625
58097
58086
58112
58109
58113
58111
58118
58126
58129
58141
58143
58144
58152
58159
58167
58172
58195
58193
58194
58208
58215
58228
58222
58241
58243
58244
58254
58261
58268
58276
58289
58287
58290
58304
58312
58310
58326
58343
58342
58361
58352
58347
58341
58368
58386
58383
58387
58390
58395
58407
58418
58429
58427
58430
58435
58446
58442
58456
58471
58475
58474
58484
58493
58502
58505
58519
58517
58525
58520
58536
58540
58553
58568
58570
58571
58574
58580
58614
58587
58596
58617
58616
58624
58630
58637
58644
58659
58661
58669
58660
58677
58682
58688
58715
58713
58714
58718
58723
58724
58731
58743
58755
58744
58750
58745
58758
58766
58781
58780
58779
58794
58803
58801
58816
58828
58830
58856
58865
58831
58841
58849
58877
58880
58879
58889
58899
58910
58926
58938
58940
58939
58947
58954
58959
58964
58977
58980
58981
58987
58995
59002
59013
59017
59016
59018
59026
59032
59039
59051
59069
59071
59072
59078
59097
59115
59087
59118
59119
59120
59139
59141
59133
59154
59172
59171
59168
59179
59190
59195
59205
59219
59220
59243
59261
59268
59275
59588
59605
59607
59608
59624
59618
59633
59645
59664
59662
59669
59674
59665
59681
59691
59714
59717
59718
59729
59723
59739
59753
59775
59773
59786
59776
59793
59796
59808
59852
59834
59831
59833
59846
59854
59896
59886
59887
59891
59884
59905
59918
59937
59940
59939
59945
59954
59966
59979
59984
59983
59985
59998
60007
60018
60028
60042
60040
60043
60050
60058
60070
60088
60117
60118
60116
60127
60128
60133
60146
60159
60162
60161
60166
60175
60196
60194
60213
60215
60216
60217
60225
60235
60256
60253
60255
60262
60257
60274
60289
60284
60307
60310
60309
60314
60327
60747
60736
60735
60755
60759
60764
60775
60777
60776
60794
60800
60790
60808
60822
60824
60829
60823
60843
60865
60864
60860
60851
60836
60874
60879
60888
60894
60906
60908
60919
60907
60915
60927
60936
60947
60948
60946
60952
60956
60969
60979
60991
60994
60995
61004
61009
61020
61038
61040
61036
61039
61044
61053
61060
61068
61078
61080
61079
61096
61109
61092
61098
61125
61141
61127
61138
61171
61170
61863
61861
61832
61841
61850
61864
61868
61878
61887
61891
61898
61899
61900
61912
61918
61936
61957
61959
61960
61945
61976
61995
61984
62002
62015
62014
62023
62013
62031
62048
62045
62060
62061
62058
62066
62072
62080
62092
62106
62105
62103
62104
62116
62122
62127
62145
62144
62143
62151
62154
62168
62160
62187
62186
62188
62193
62203
62210
62219
62237
62236
62238
62244
62249
62255
62257
62266
62268
62267
62276
62279
62287
62296
62312
62313
62322
62323
62327
62347
62361
62348
62354
62335
62349
62370
62375
62384
62385
62389
62383
62394
62405
62407
62419
62420
62417
62431
62444
62446
62437
62460
62463
62462
62479
62487
62486
62500
62502
62501
62499
62510
62513
62527
62536
62551
62550
62552
62567
62560
62572
62562
62584
62595
62582
62591
62604
62611
62585
62625
62640
62624
62634
62626
62673
62672
62671
62683
62674
62687
62693
62698
62715
62717
62716
62726
62720
62731
62740
62753
62754
62751
62764
62770
62778
62784
62799
62801
62802
62806
62822
62817
62810
62852
62847
62842
62858
62843
62839
62862
62883
62881
62884
62899
62895
62912
62917
62929
62932
62931
62942
62955
62948
62968
62986
62987
62995
62984
63002
63012
63035
63034
63032
63036
63044
63059
63068
63076
63088
63090
63096
63108
63091
63104
63117
63125
63126
63140
63127
63148
63160
63167
63187
63191
63190
63207
63200
63214
63224
63252
63246
63237
63236
63256
63260
63234
63276
63275
63281
63277
63286
63296
63308
63323
63327
63328
63358
63345
63334
63365
