48257
48256
48264
48251
48262
48260
48258
48254
48259
48252
48250
48263
48255
48253
48261
48267
48272
48270
48266
48273
48265
48276
48268
48271
48275
48278
48277
48274
48279
48269
48280
48302
48301
48307
48298
48299
48290
48283
48297
48300
48286
48305
48288
48293
48285
48295
48291
48309
48308
48304
48292
48284
48306
48294
48289
48303
48287
48313
48312
48311
48296
48282
48315
48316
48281
48314
48318
48319
48317
48322
48323
48325
48321
48324
48329
48327
48328
48320
48331
48333
48326
48330
48334
48332
48335
48336
48344
48337
48339
48340
48338
48341
48346
48350
48343
48354
48353
48348
48345
48342
48352
48358
48349
48355
48351
48347
48359
48356
48361
48363
48360
48357
48362
48364
48369
48371
48368
48365
48370
48367
48372
48366
48373
48374
48375
48380
48379
48377
48376
48378
48310
48390
48411
48396
48404
48395
48394
48401
48414
48381
48382
48387
48393
48408
48412
48391
48403
48388
48397
48383
48410
48400
48392
48407
48409
48398
48399
48389
48386
48384
48415
48406
48402
48385
48405
48413
48417
48416
48419
48418
48422
48421
48420
48423
48426
48427
48428
48424
48425
48436
48445
48429
48442
48432
48440
48444
48430
48431
48448
48438
48435
48434
48441
48439
48437
48433
48443
48450
48447
48446
48449
48453
48452
48456
48451
48457
48454
48455
48458
48462
48467
48465
48466
48459
48460
48468
48461
48471
48472
48475
48469
48464
48473
48470
48474
48463
48480
48482
48483
48479
48478
48477
48481
48485
48476
48484
48486
48492
48487
48488
48491
48490
48489
48493
48496
48494
48495
48497
48498
48506
48502
48504
48501
48503
48500
48499
48510
48511
48505
48508
48509
48520
48517
48514
48515
48519
48513
48507
48518
48512
48516
48521
48526
48525
48522
48528
48523
48524
48529
48527
48530
48535
48553
48555
48544
48551
48539
48562
48537
48543
48565
48561
48541
48556
48554
48547
48538
48558
48542
48540
48564
48536
48549
48548
48552
48531
48532
48546
48550
48545
48559
48560
48557
48534
48533
48563
48573
48570
48568
48571
48566
48578
48569
48567
48575
48572
48576
48577
48579
48574
48580
48590
48592
48594
48586
48611
48610
48583
48588
48613
48615
48603
48585
48589
48596
48606
48604
48597
48608
48598
48602
48600
48584
48607
48582
48581
48599
48612
48587
48601
48593
48614
48609
48595
48605
48591
48617
48619
48616
48622
48618
48620
48625
48627
48628
48626
48621
48631
48637
48643
48629
48623
48639
48630
48634
48633
48624
48632
48635
48636
48641
48638
48640
48642
48644
48652
48653
48654
48651
48661
48663
48656
48658
48648
48645
48646
48649
48647
48655
48664
48650
48659
48666
48660
48657
48667
48672
48662
48665
48668
48669
48676
48674
48670
48671
48675
48673
48678
48679
48683
48677
48692
48680
48700
48687
48682
48686
48681
48685
48694
48699
48696
48689
48697
48693
48704
48702
48691
48695
48684
48701
48690
48707
48705
48703
48688
48698
48706
48708
48710
48709
48711
48713
48712
48719
48716
48715
48714
48722
48725
48718
48726
48717
48730
48720
48723
48721
48736
48731
48727
48729
48724
48738
48728
48742
48737
48739
48732
48735
48743
48733
48734
48741
48747
48740
48744
48746
48750
48745
48756
48752
48758
48773
48765
48764
48762
48769
48767
48768
48748
48771
48770
48772
48749
48753
48751
48775
48754
48755
48759
48757
48760
48763
48761
48777
48780
48782
48781
48786
48784
48783
48793
48789
48794
48791
48787
48785
48792
48766
48795
48796
48797
48801
48774
48776
48803
48779
48778
48788
48807
48809
48811
48814
48818
48790
48820
48821
48819
48817
48822
48798
48800
48799
48824
48802
48804
48826
48805
48808
48806
48810
48812
48813
48816
48815
48823
48825
48829
48830
48828
48827
48858
48845
48838
48864
48865
48857
48851
48861
48848
48856
48860
48834
48853
48877
48843
48854
48859
48841
48855
48839
48837
48836
48846
48831
48844
48849
48847
48832
48852
48850
48833
48866
48842
48862
48835
48840
48872
48863
48870
48874
48867
48875
48876
48869
48873
48878
48871
48868
48879
48880
48883
48882
48890
48886
48885
48881
48888
48884
48893
48894
48887
48889
48891
48892
48895
48896
48898
48897
48900
48901
48899
48902
48903
48905
48907
48906
48904
48908
48914
48910
48909
48911
48912
48913
48921
48915
48923
48916
48917
48918
48922
48926
48919
48927
48924
48920
48925
48928
48932
48930
48929
48931
48936
48934
48933
48942
48938
48935
48940
48939
48937
48945
48943
48941
48944
48947
48948
48946
48951
48950
48949
48953
48955
48957
48954
48961
48952
48956
48960
48958
48959
48964
48966
48963
48962
48967
48965
48969
48972
48970
48968
48978
48975
48980
48979
48974
48971
48977
48981
48973
48976
48984
48991
48988
48982
48986
48993
48989
48987
48992
48990
48997
49002
48999
48983
48985
49003
48994
48996
48995
49005
49006
49007
49014
49009
48998
49010
49011
49020
49021
49017
49000
49018
49024
49022
49019
49026
49025
49028
49001
49004
49029
49008
49012
49035
49013
49033
49045
49039
49038
49044
49046
49048
49016
49057
49043
49015
49041
49032
49034
49031
49023
49030
49040
49042
49049
49027
49047
49052
49053
49036
49054
49055
49037
49056
49050
49051
49058
49062
49060
49061
49064
49065
49063
49059
49077
49066
49073
49069
49067
49072
49070
49068
49079
49076
49074
49075
49071
49080
49078
49093
49103
49105
49114
49096
49101
49107
49104
49110
49094
49115
49087
49084
49112
49113
49109
49097
49100
49092
49111
49085
49099
49083
49091
49086
49108
49081
49088
49106
49095
49090
49098
49102
49089
49082
49117
49124
49119
49135
49118
49129
49139
49116
49121
49122
49120
49143
49141
49148
49146
49123
49150
49147
49149
49126
49142
49125
49128
49130
49127
49131
49153
49154
49151
49134
49152
49156
49157
49155
49137
49133
49136
49132
49162
49165
49169
49163
49171
49164
49170
49138
49140
49177
49178
49174
49179
49182
49144
49145
49186
49183
49184
49188
49190
49191
49194
49158
49159
49166
49161
49199
49200
49168
49160
49167
49201
49172
49202
49206
49215
49221
49222
49207
49224
49209
49175
49210
49173
49228
49211
49227
49180
49230
49229
49233
49232
49213
49176
49181
49237
49214
49218
49216
49223
49242
49236
49238
49239
49240
49220
49185
49246
49247
49248
49243
49255
49251
49254
49252
49253
49257
49258
49187
49259
49261
49260
49225
49189
49263
49262
49265
49264
49203
49196
49266
49267
49269
49272
49273
49204
49270
49192
49195
49197
49271
49278
49276
49193
49277
49274
49275
49226
49198
49205
49285
49280
49281
49288
49282
49283
49235
49284
49293
49297
49208
49298
49286
49292
49234
49291
49290
49299
49295
49217
49212
49294
49296
49306
49301
49310
49300
49302
49314
49303
49219
49308
49241
49320
49231
49319
49307
49309
49304
49305
49313
49317
49315
49249
49316
49318
49330
49245
49324
49322
49321
49325
49327
49326
49323
49329
49328
49244
49256
49250
49268
49279
49289
49287
49312
49311
49331
49336
49334
49340
49332
49346
49360
49359
49365
49350
49353
49358
49345
49335
49363
49362
49333
49339
49349
49344
49348
49347
49361
49351
49354
49356
49337
49357
49364
49341
49338
49355
49352
49343
49342
49366
49367
49369
49368
49375
49372
49374
49394
49377
49385
49392
49381
49387
49371
49393
49390
49373
49395
49378
49379
49376
49389
49396
49391
49398
49380
49382
49370
49400
49383
49386
49397
49384
49399
49401
49404
49403
49407
49402
49405
49412
49406
49411
49415
49427
49414
49418
49408
49432
49433
49410
49416
49436
49413
49425
49424
49431
49421
49429
49428
49420
49419
49435
49422
49417
49426
49409
49434
49388
49430
49437
49438
49423
49441
49439
49443
49440
49446
49451
49447
49442
49444
49458
49460
49456
49455
49462
49453
49459
49449
49445
49452
49461
49450
49466
49454
49467
49473
49465
49470
49464
49468
49448
49457
49469
49463
49471
49472
49475
49474
49478
49479
49482
49477
49489
49480
49502
49481
49476
49483
49488
49493
49485
49484
49507
49486
49497
49508
49490
49487
49504
49503
49499
49492
49491
49494
49495
49496
49509
49500
49513
49498
49515
49501
49517
49505
49514
49511
49516
49522
49530
49524
49527
49506
49525
49528
49532
49531
49536
49510
49519
49533
49526
49523
49529
49535
49534
49512
49537
49543
49541
49521
49520
49518
49538
49542
49539
49549
49540
49547
49544
49545
49552
49550
49557
49556
49554
49546
49548
49558
49551
49553
49555
49563
49559
49567
49564
49560
49569
49562
49573
49570
49561
49571
49566
49565
49568
49572
49574
49575
49577
49576
49579
49578
49580
49607
49598
49590
49597
49581
49591
49587
49583
49593
49613
49600
49609
49595
49582
49602
49604
49588
49599
49594
49584
49610
49586
49608
49605
49585
49592
49611
49614
49603
49589
49615
49606
49612
49596
49601
49616
49618
49625
49628
49619
49617
49622
49631
49629
49620
49627
49632
49621
49640
49624
49626
49636
49623
49638
49634
49635
49637
49630
49641
49639
49633
49642
49643
49644
49646
49645
49647
49649
49650
49648
49652
49660
49651
49662
49653
49654
49655
49659
49657
49663
49656
49670
49658
49664
49665
49672
49661
49671
49669
49676
49674
49666
49678
49679
49680
49667
49668
49673
49675
49683
49677
49693
49690
49701
49694
49697
49681
49699
49705
49703
49709
49711
49706
49682
49710
49686
49684
49685
49713
49729
49732
49688
49716
49717
49689
49739
49691
49740
49695
49700
49728
49726
49724
49696
49698
49722
49742
49687
49692
49702
49704
49746
49749
49731
49750
49751
49755
49754
49707
49759
49757
49761
49760
49708
49763
49769
49768
49767
49712
49771
49741
49744
49773
49772
49748
49752
49714
49743
49718
49715
49776
49777
49720
49775
49756
49719
49780
49781
49782
49783
49721
49785
49762
49784
49788
49766
49779
49790
49791
49786
49787
49789
49796
49798
49801
49792
49723
49793
49795
49794
49799
49802
49770
49800
49803
49812
49804
49727
49805
49807
49725
49806
49808
49818
49811
49809
49810
49814
49813
49815
49730
49823
49817
49826
49816
49820
49819
49824
49821
49825
49822
49778
49827
49828
49829
49830
49736
49733
49797
49737
49734
49738
49735
49745
49753
49764
49765
49758
49774
49747
49832
49848
49839
49856
49836
49834
49843
49841
49831
49840
49854
49838
49846
49850
49857
49833
49855
49863
49842
49862
49851
49849
49865
49835
49844
49847
49837
49845
49859
49852
49858
49861
49860
49867
49866
49871
49853
49880
49874
49881
49868
49883
49872
49879
49890
49889
49877
49873
49869
49876
49895
49888
49894
49882
49897
49885
49898
49892
49896
49887
49886
49884
49891
49875
49878
49870
49899
49901
49900
49909
49910
49903
49908
49902
49913
49904
49911
49917
49912
49906
49905
49907
49916
49914
49921
49929
49928
49925
49915
49918
49924
49927
49920
49922
49926
49923
49930
49931
49919
49933
49932
49934
49936
49935
49938
49939
49937
49947
49944
49942
49941
49940
49945
49946
49943
49952
49959
49956
49950
49949
49951
49957
49948
49954
49958
49955
49960
49961
49953
49864
49963
49964
49966
49967
49965
49968
49971
49970
49972
49969
49978
49973
49974
49976
49977
49979
49975
49980
49981
49985
49984
49990
49983
49988
49987
49986
49989
49992
49993
49991
49994
49995
49997
49982
49998
50000
49996
49999
50001
50004
50002
50005
50003
50007
50006
50010
50013
50015
50011
50014
50009
50012
50016
50024
50021
50017
50022
50023
50025
50020
50018
50019
50026
50027
50030
50028
50033
50029
50032
50031
50035
50036
50038
50034
50037
50043
50040
50039
50047
50042
50041
50044
50045
50052
50046
50050
50057
50049
50053
50051
50054
50048
50056
50055
50058
49962
50061
50060
50065
50059
50064
50062
50063
50066
50067
50070
50069
50072
50078
50076
50068
50080
50075
50074
50073
50077
50071
50079
50008
49893
50088
50097
50100
50115
50090
50111
50114
50105
50109
50081
50094
50099
50102
50112
50110
50098
50093
50084
50096
50106
50091
50082
50101
50092
50113
50086
50087
50108
50095
50103
50085
50104
50089
50107
50083
50117
50118
50119
50121
50116
50122
50120
50125
50130
50126
50124
50134
50132
50127
50131
50128
50129
50123
50139
50136
50133
50135
50145
50137
50138
50148
50141
50140
50144
50151
50153
50154
50142
50156
50143
50149
50147
50158
50146
50150
50161
50163
50168
50165
50171
50164
50170
50166
50152
50175
50177
50174
50155
50157
50182
50180
50160
50184
50159
50181
50185
50186
50162
50192
50167
50172
50188
50173
50169
50195
50194
50176
50205
50197
50201
50179
50196
50178
50204
50208
50210
50207
50183
50212
50187
50213
50214
50216
50189
50190
50191
50220
50219
50193
50199
50198
50200
50229
50202
50203
50206
50232
50209
50236
50237
50211
50215
50218
50217
50241
50243
50242
50221
50247
50222
50231
50228
50234
50223
50251
50224
50226
50225
50233
50235
50230
50227
50239
50252
50238
50254
50257
50256
50240
50245
50244
50261
50262
50264
50246
50266
50248
50250
50269
50273
50274
50276
50265
50271
50253
50255
50281
50249
50278
50277
50280
50258
50259
50260
50263
50282
50283
50285
50286
50287
50288
50268
50292
50270
50267
50272
50298
50294
50301
50275
50300
50279
50306
50303
50304
50305
50308
50307
50284
50297
50299
50289
50290
50295
50291
50293
50296
50302
50309
50312
50310
50315
50311
50316
50313
50325
50314
50317
50324
50318
50330
50323
50319
50321
50320
50322
50327
50328
50326
50329
50362
50356
50341
50338
50333
50354
50340
50359
50352
50364
50343
50342
50348
50347
50344
50357
50332
50346
50350
50351
50331
50345
50349
50335
50334
50339
50336
50355
50363
50353
50358
50369
50367
50366
50372
50377
50380
50374
50371
50378
50383
50360
50361
50365
50385
50386
50337
50368
50387
50391
50394
50388
50393
50370
50373
50395
50382
50375
50379
50376
50381
50397
50400
50390
50384
50402
50392
50404
50399
50401
50407
50411
50405
50403
50414
50389
50406
50408
50416
50396
50412
50418
50410
50417
50419
50398
50415
50409
50413
50420
50426
50422
50423
50421
50425
50430
50424
50427
50428
50431
50429
50433
50434
50439
50435
50432
50436
50441
50438
50442
50445
50444
50440
50437
50447
50446
50448
50443
50449
50451
50452
50450
50453
50454
50455
50457
50458
50461
50459
50462
50465
50464
50460
50463
50456
50466
50471
50470
50467
50468
50472
50469
50475
50477
50473
50474
50478
50479
50476
50483
50482
50480
50481
50484
50486
50485
50487
50488
50490
50489
50492
50493
50494
50496
50491
50500
50499
50498
50495
50501
50497
50502
50503
50505
50507
50504
50506
50508
50509
50513
50512
50510
50511
50517
50518
50514
50516
50515
50519
50520
50522
50524
50521
50523
50525
50526
50527
50531
50534
50528
50529
50532
50530
50535
50536
50540
50539
50533
50538
50537
50541
50542
50543
50544
50545
50546
50548
50551
50555
50550
50547
50549
50554
50552
50553
50557
50559
50556
50558
50560
50561
50562
50569
50565
50566
50574
50568
50563
50572
50573
50564
50570
50571
50575
50576
50567
50577
50578
50579
50580
50595
50614
50594
50613
50591
50600
50592
50611
50598
50590
50606
50601
50609
50603
50602
50582
50610
50605
50599
50607
50581
50586
50612
50585
50587
50589
50618
50608
50621
50615
50619
50626
50628
50625
50623
50620
50597
50630
50584
50631
50583
50588
50633
50635
50634
50616
50637
50646
50596
50648
50647
50653
50651
50642
50650
50604
50593
50649
50629
50655
50617
50644
50624
50627
50622
50656
50657
50658
50659
50632
50636
50663
50667
50671
50641
50638
50670
50639
50668
50640
50672
50669
50666
50675
50677
50680
50682
50643
50645
50652
50654
50686
50687
50688
50689
50691
50692
50696
50697
50698
50695
50694
50662
50661
50664
50676
50673
50702
50701
50700
50679
50660
50703
50674
50681
50683
50665
50704
50678
50684
50685
50699
50693
50690
50707
50705
50709
50710
50708
50712
50706
50718
50714
50711
50715
50716
50713
50719
50717
50720
50727
50721
50723
50725
50724
50726
50722
50728
50731
50734
50729
50733
50735
50737
50730
50732
50739
50736
50738
50740
50745
50742
50744
50743
50750
50751
50747
50741
50752
50746
50749
50753
50754
50748
50755
50756
50759
50758
50767
50766
50761
50760
50757
50763
50762
50769
50764
50765
50771
50770
50772
50768
50774
50773
50775
50776
50779
50781
50777
50782
50778
50788
50783
50780
50793
50795
50789
50799
50794
50797
50784
50800
50802
50803
50805
50801
50809
50806
50786
50804
50808
50787
50785
50791
50812
50814
50811
50813
50790
50815
50792
50796
50817
50822
50816
50818
50820
50807
50798
50824
50828
50823
50830
50826
50810
50819
50825
50821
50827
50829
50833
50864
50839
50842
50835
50855
50851
50860
50848
50858
50840
50850
50854
50841
50857
50853
50852
50865
50847
50861
50836
50843
50845
50831
50859
50863
50844
50849
50834
50832
50838
50837
50846
50856
50862
50866
50869
50873
50867
50868
50870
50876
50882
50879
50871
50872
50889
50884
50878
50877
50874
50892
50890
50887
50891
50875
50881
50886
50880
50883
50888
50885
50893
50894
50895
50897
50896
50898
50899
50900
50901
50906
50905
50903
50914
50908
50910
50916
50904
50902
50912
50919
50913
50909
50918
50907
50924
50911
50923
50926
50917
50920
50922
50927
50921
50915
50925
50929
50928
50930
50932
50933
50931
50935
50934
50936
50938
50940
50937
50939
50942
50941
50943
50945
50956
50949
50951
50944
50958
50946
50953
50950
50957
50961
50947
50952
50948
50963
50954
50959
50965
50955
50964
50960
50966
50967
50962
50968
50969
50970
50972
50971
50974
50973
50976
50978
50979
50991
50980
50975
50977
50982
50989
50988
50987
50990
50981
50983
50984
50996
50993
50986
50999
50994
50992
50985
51003
50997
50995
51001
51000
50998
51002
51004
51005
51009
51017
51023
51013
51016
51019
51028
51007
51034
51010
51014
51022
51018
51025
51021
51012
51008
51024
51033
51006
51035
51015
51011
51020
51026
51027
51031
51032
51030
51037
51039
51029
51040
51036
51041
51045
51042
51046
51043
51051
51049
51054
51059
51057
51048
51058
51060
51061
51053
51066
51068
51064
51065
51047
51038
51044
51050
51052
51067
51056
51070
51069
51055
51063
51062
51075
51076
51080
51071
51073
51072
51074
51077
51078
51079
51086
51091
51102
51103
51093
51092
51090
51094
51097
51113
51105
51106
51114
51083
51107
51110
51100
51115
51087
51101
51088
51112
51082
51085
51108
51089
51096
51098
51084
51109
51081
51095
51117
51120
51119
51099
51118
51116
51104
51122
51121
51124
51126
51132
51123
51111
51135
51125
51127
51136
51128
51131
51130
51137
51133
51129
51140
51139
51141
51142
51134
51138
51143
51145
51144
51146
51148
51147
51150
51149
51151
51153
51152
51160
51157
51158
51155
51154
51156
51169
51159
51165
51164
51161
51171
51167
51166
51163
51172
51162
51170
51168
51174
51173
51175
51178
51177
51176
51180
51181
51179
51182
51183
51184
51185
51186
51188
51187
51189
51194
51192
51191
51195
51190
51197
51198
51193
51201
51200
51202
51196
51204
51206
51199
51207
51209
51203
51205
51211
51213
51212
51208
51214
51210
51215
51216
51218
51219
51217
51220
51221
51228
51222
51225
51227
51226
51231
51232
51223
51230
51229
51239
51224
51234
51237
51235
51246
51238
51233
51244
51248
51240
51254
51242
51236
51247
51253
51243
51241
51245
51249
51251
51250
51252
51255
51257
51256
51262
51260
51258
51264
51270
51268
51266
51259
51263
51274
51267
51261
51273
51280
51276
51271
51284
51269
51277
51282
51265
51272
51279
51283
51281
51278
51287
51286
51285
51275
51288
51289
51290
51291
51292
51293
51294
51296
51298
51305
51297
51310
51304
51301
51300
51295
51303
51307
51299
51317
51306
51313
51315
51309
51302
51321
51319
51312
51308
51325
51322
51324
51314
51326
51311
51327
51316
51318
51329
51330
51323
51320
51328
51364
51365
51342
51361
51345
51350
51360
51347
51362
51359
51340
51354
51351
51333
51352
51363
51336
51357
51334
51339
51341
51348
51332
51355
51358
51353
51337
51344
51331
51349
51343
51356
51335
51346
51338
51366
51369
51370
51375
51372
51378
51368
51367
51373
51371
51377
51387
51374
51376
51385
51379
51382
51380
51383
51390
51388
51381
51384
51386
51389
51391
51393
51392
51394
51398
51395
51396
51399
51397
51400
51403
51408
51405
51402
51401
51407
51409
51410
51404
51412
51413
51406
51411
51424
51416
51421
51419
51417
51414
51423
51420
51415
51426
51418
51425
51422
51427
51429
51431
51430
51428
51432
51433
51435
51434
51438
51436
51437
51442
51440
51448
51452
51443
51441
51449
51439
51462
51464
51445
51444
51457
51456
51446
51465
51447
51470
51450
51468
51451
51453
51459
51458
51455
51454
51460
51461
51473
51472
51463
51474
51466
51476
51475
51481
51478
51486
51477
51467
51494
51487
51483
51469
51490
51471
51498
51485
51480
51484
51479
51489
51488
51482
51492
51505
51491
51507
51495
51493
51497
51509
51512
51511
51496
51516
51518
51517
51499
51513
51500
51501
51529
51502
51522
51503
51504
51531
51506
51510
51508
51515
51532
51514
51519
51521
51536
51535
51526
51520
51539
51540
51542
51528
51549
51524
51523
51547
51545
51548
51527
51530
51537
51551
51534
51556
51538
51541
51560
51555
51553
51550
51546
51554
51544
51566
51557
51558
51561
51552
51568
51559
51564
51571
51570
51565
51562
51563
51569
51567
51573
51577
51574
51576
51575
51578
51572
51580
51579
51525
51533
51543
51589
51599
51605
51610
51594
51582
51585
51595
51591
51590
51602
51603
51609
51611
51592
51587
51608
51583
51614
51593
51615
51586
51613
51598
51607
51612
51597
51596
51600
51588
51604
51606
51584
51581
51601
51616
51623
51617
51624
51619
51618
51629
51636
51642
51631
51630
51626
51637
51622
51641
51625
51635
51620
51633
51632
51621
51638
51634
51627
51628
51639
51646
51649
51645
51643
51644
51640
51648
51647
51650
51652
51651
51657
51656
51654
51653
51665
51655
51660
51662
51663
51669
51666
51659
51658
51668
51667
51674
51670
51677
51664
51661
51672
51678
51671
51675
51673
51676
51680
51679
51682
51681
51683
51684
51685
51687
51688
51686
51689
51693
51691
51690
51692
51697
51695
51696
51706
51715
51705
51700
51699
51698
51708
51711
51694
51714
51707
51704
51710
51716
51720
51703
51713
51702
51718
51701
51719
51712
51721
51717
51709
51726
51725
51732
51722
51741
51737
51736
51729
51723
51746
51743
51724
51745
51739
51747
51738
51740
51744
51749
51733
51748
51728
51727
51730
51742
51750
51734
51735
51751
51752
51731
51753
51755
51756
51757
51754
51758
51759
51763
51760
51764
51762
51768
51761
51770
51767
51766
51765
51772
51769
51776
51771
51777
51773
51775
51784
51783
51774
51780
51778
51781
51785
51786
51782
51787
51779
51788
51789
51790
51792
51791
51793
51796
51794
51795
51797
51798
51799
51804
51801
51805
51807
51811
51800
51806
51808
51803
51809
51810
51815
51812
51802
51821
51813
51818
51822
51814
51819
51825
51816
51817
51823
51820
51824
51826
51828
51827
51829
51830
51856
51844
51838
51859
51841
51850
51831
51862
51832
51849
51842
51834
51855
51840
51858
51845
51847
51853
51857
51854
51848
51860
51835
51836
51851
51863
51865
51843
51839
51833
51852
51837
51864
51861
51846
51872
51866
51871
51880
51875
51869
51879
51870
51878
51877
51867
51874
51885
51876
51883
51873
51868
51886
51890
51887
51888
51892
51884
51891
51889
51882
51894
51881
51898
51900
51895
51897
51893
51899
51896
51903
51901
51902
51907
51904
51908
51916
51905
51913
51911
51910
51925
51914
51924
51912
51906
51919
51909
51928
51930
51917
51915
51918
51929
51920
51923
51922
51932
51927
51933
51921
51926
51934
51931
51935
51941
51944
51947
51937
51938
51940
51948
51936
51955
51939
51949
51954
51945
51952
51946
51957
51960
51943
51953
51958
51950
51956
51942
51959
51963
51968
51951
51961
51965
51967
51966
51962
51964
51969
51970
51971
51972
51974
51973
51979
51975
51983
51984
51996
51985
51976
51982
51977
51989
51981
51987
51991
51988
51978
51995
51993
51990
51998
51992
52002
51986
51999
51997
51980
51994
52000
52001
52003
52004
52005
52006
52013
52012
52010
52008
52011
52014
52022
52020
52016
52009
52007
52018
52025
52017
52019
52028
52032
52033
52026
52030
52015
52027
52021
52024
52037
52036
52035
52023
52031
52034
52039
52029
52038
52040
52041
52042
52043
52044
52047
52051
52049
52048
52045
52046
52056
52053
52050
52055
52054
52060
52063
52057
52061
52064
52070
52052
52068
52067
52065
52059
52071
52069
52066
52058
52072
52062
52073
52074
52076
52075
52078
52080
52079
52077
52110
52089
52108
52081
52086
52098
52102
52106
52085
52114
52093
52084
52103
52111
52107
52100
52091
52092
52099
52113
52105
52082
52096
52101
52083
52090
52104
52115
52088
52126
52121
52138
52135
52137
52132
52136
52134
52142
52144
52141
52087
52094
52097
52146
52112
52149
52148
52153
52150
52155
52156
52152
52154
52151
52157
52158
52160
52147
52109
52116
52120
52117
52122
52123
52131
52119
52125
52118
52127
52133
52124
52128
52140
52130
52129
52139
52145
52143
52159
52162
52170
52171
52172
52173
52168
52163
52166
52165
52161
52169
52164
52167
52175
52178
52174
52181
52183
52180
52179
52176
52185
52177
52184
52182
52187
52188
52192
52186
52191
52189
52193
52190
52194
52196
52195
52200
52206
52203
52198
52197
52209
52199
52220
52219
52210
52213
52217
52205
52223
52201
52204
52202
52208
52207
52228
52229
52211
52230
52216
52212
52232
52214
52215
52218
52226
52225
52227
52224
52234
52235
52231
52221
52222
52236
52233
52238
52239
52240
52237
52245
52241
52244
52246
52250
52242
52249
52243
52248
52247
52252
52253
52251
52254
52257
52256
52258
52261
52255
52262
52263
52259
52260
52268
52269
52265
52264
52267
52266
52270
52271
52273
52272
52274
52275
52283
52278
52280
52282
52277
52281
52279
52276
52284
52288
52285
52286
52287
52293
52292
52291
52289
52294
52290
52296
52295
52298
52297
52299
52301
52302
52304
52300
52303
52305
52306
52310
52308
52307
52311
52312
52309
52313
52315
52314
52317
52316
52320
52319
52318
52322
52321
52324
52325
52327
52323
52326
52328
52329
52330
52095
52336
52350
52331
52361
52333
52334
52365
52347
52342
52338
52345
52341
52343
52362
52339
52337
52346
52349
52335
52348
52355
52353
52364
52360
52357
52363
52356
52352
52344
52332
52354
52358
52340
52359
52351
52368
52367
52374
52379
52373
52370
52372
52371
52376
52366
52388
52387
52390
52386
52392
52369
52395
52378
52380
52382
52377
52375
52397
52383
52381
52384
52385
52389
52393
52396
52391
52398
52402
52394
52399
52403
52408
52404
52409
52405
52411
52407
52412
52419
52415
52414
52421
52400
52420
52401
52406
52417
52418
52426
52416
52413
52410
52427
52429
52425
52422
52423
52431
52424
52428
52430
52434
52433
52436
52438
52435
52440
52432
52446
52442
52443
52444
52447
52454
52456
52457
52439
52450
52455
52458
52452
52437
52459
52449
52461
52451
52445
52453
52460
52441
52464
52448
52463
52462
52468
52466
52465
52467
52469
52470
52471
52472
52475
52476
52473
52474
52477
52478
52480
52479
52486
52483
52482
52494
52485
52488
52487
52481
52484
52492
52497
52490
52489
52493
52491
52496
52498
52495
52499
52500
52503
52502
52505
52504
52501
52506
52507
52508
52511
52509
52518
52512
52514
52510
52520
52515
52523
52517
52524
52526
52516
52521
52527
52519
52522
52528
52529
52533
52525
52532
52534
52531
52530
52535
52537
52540
52539
52538
52536
52542
52541
52544
52543
52545
52548
52547
52546
52550
52549
52556
52552
52551
52553
52559
52555
52554
52557
52558
52560
52565
52568
52566
52563
52561
52567
52564
52562
52570
52571
52569
52575
52573
52572
52574
52577
52576
52579
52580
52578
52513
52607
52606
52596
52592
52582
52591
52599
52605
52614
52601
52587
52586
52611
52600
52593
52590
52610
52615
52585
52598
52608
52583
52602
52603
52613
52588
52604
52594
52595
52597
52612
52609
52589
52626
52622
52621
52619
52625
52629
52616
52623
52636
52620
52627
52631
52634
52617
52624
52628
52637
52618
52640
52638
52633
52635
52642
52641
52639
52632
52643
52630
52644
52646
52645
52647
52651
52648
52655
52658
52661
52666
52659
52657
52664
52672
52660
52662
52674
52656
52667
52673
52653
52668
52663
52652
52670
52671
52665
52649
52654
52675
52669
52650
52676
52677
52678
52679
52680
52681
52686
52682
52684
52683
52685
52688
52699
52692
52695
52687
52691
52693
52698
52703
52690
52694
52689
52706
52705
52696
52704
52711
52701
52708
52709
52702
52710
52700
52697
52707
52712
52713
52714
52715
52719
52718
52721
52717
52723
52716
52737
52725
52722
52733
52728
52729
52726
52720
52724
52732
52727
52731
52736
52730
52735
52734
52741
52740
52744
52742
52739
52738
52745
52743
52746
52747
52748
52749
52751
52750
52752
52758
52757
52756
52759
52760
52763
52754
52753
52766
52755
52764
52765
52761
52776
52768
52773
52770
52762
52769
52772
52775
52774
52771
52767
52777
52778
52779
52781
52780
52782
52784
52786
52785
52783
52788
52789
52792
52795
52787
52805
52796
52801
52804
52793
52794
52791
52790
52799
52798
52800
52802
52803
52806
52797
52810
52811
52809
52808
52807
52812
52818
52813
52814
52819
52815
52823
52816
52817
52822
52828
52826
52820
52830
52821
52829
52827
52825
52824
52584
52581
52855
52862
52854
52838
52841
52835
52845
52831
52839
52833
52842
52852
52846
52850
52858
52848
52865
52853
52844
52843
52859
52849
52837
52834
52860
52847
52840
52832
52861
52836
52863
52851
52856
52857
52864
52868
52869
52867
52871
52876
52873
52872
52875
52866
52879
52874
52883
52881
52889
52880
52870
52877
52885
52878
52882
52893
52887
52884
52888
52890
52891
52895
52886
52892
52894
52897
52898
52896
52899
52900
52902
52905
52901
52906
52903
52915
52913
52912
52908
52904
52911
52909
52907
52927
52918
52919
52910
52916
52922
52926
52914
52920
52925
52917
52924
52928
52923
52930
52931
52921
52929
52932
52933
52934
52935
52939
52937
52950
52938
52943
52936
52944
52941
52940
52949
52942
52952
52945
52956
52953
52946
52947
52948
52960
52957
52962
52963
52958
52955
52961
52951
52954
52964
52959
52965
52967
52966
52968
52969
52972
52973
52971
52970
52975
52984
52981
52991
52987
52992
52995
52994
52982
52974
52998
52997
53000
53001
53002
52988
52977
52978
52979
52983
52986
52980
52976
52985
52989
52996
52990
52993
53006
53008
53013
52999
53011
53015
53010
53004
53022
53020
53003
53017
53019
53026
53023
53021
53028
53030
53029
53032
53005
53007
53034
53009
53037
53012
53014
53036
53018
53016
53039
53024
53040
53025
53041
53031
53027
53043
53035
53048
53033
53046
53051
53050
53038
53052
53059
53053
53055
53061
53064
53065
53067
53063
53044
53042
53047
53066
53049
53054
53045
53069
53058
53056
53071
53073
53072
53057
53074
53075
53077
53060
53078
53080
53062
53079
53068
53076
53070
53081
53098
53096
53113
53084
53105
53093
53112
53110
53101
53092
53085
53087
53091
53109
53107
53099
53111
53115
53082
53106
53089
53103
53083
53108
53090
53094
53088
53100
53102
53114
53086
53095
53097
53104
53116
53118
53123
53120
53129
53119
53134
53138
53145
53133
53124
53126
53143
53131
53140
53142
53137
53135
53130
53117
53121
53128
53136
53122
53139
53127
53125
53146
53132
53144
53141
53147
53148
53150
53149
53152
53154
53156
53155
53164
53165
53162
53169
53151
53167
53153
53160
53166
53158
53171
53174
53159
53176
53157
53173
53185
53170
53179
53178
53168
53161
53184
53163
53172
53175
53177
53180
53182
53181
53183
53186
53189
53188
53193
53190
53195
53187
53194
53192
53199
53191
53198
53205
53197
53209
53210
53211
53203
53213
53216
53208
53202
53196
53204
53219
53220
53201
53206
53207
53200
53215
53221
53214
53228
53217
53224
53212
53218
53227
53234
53235
53237
53239
53243
53244
53240
53223
53242
53236
53222
53225
53226
53232
53248
53233
53250
53230
53229
53245
53231
53251
53238
53241
53258
53246
53247
53254
53252
53249
53256
53253
53260
53255
53257
53262
53261
53259
53267
53270
53268
53269
53264
53263
53266
53265
53273
53271
53272
53274
53276
53280
53277
53279
53278
53281
53275
53282
53283
53284
53286
53289
53288
53285
53287
53291
53294
53290
53292
53293
53296
53299
53297
53298
53295
53301
53300
53304
53302
53307
53303
53310
53305
53308
53309
53306
53312
53316
53317
53313
53311
53315
53318
53314
53320
53319
53322
53324
53326
53323
53321
53329
53328
53327
53325
53330
53344
53341
53336
53353
53359
53360
53335
53343
53355
53340
53337
53342
53331
53350
53334
53352
53356
53349
53345
53362
53339
53365
53348
53333
53354
53363
53361
53358
53346
53351
53347
53368
53372
53377
53381
53371
53370
53385
53332
53376
53357
53383
53364
53384
53338
53389
53390
53369
53391
53379
53380
53367
53373
53366
53394
53397
53374
53378
53375
53398
53382
53399
53400
53402
53405
53409
53386
53413
53411
53387
53414
53412
53388
53417
53420
53422
53421
53392
53425
53427
53393
53428
53430
53431
53395
53429
53396
53432
53436
53434
53437
53439
53440
53444
53442
53445
53401
53403
53448
53447
53404
53406
53449
53451
53407
53408
53453
53410
53458
53460
53459
53468
53466
53423
53424
53465
53464
53415
53426
53418
53416
53419
53469
53472
53433
53435
53438
53443
53474
53475
53441
53446
53452
53450
53477
53478
53455
53456
53457
53462
53454
53482
53461
53488
53463
53487
53467
53470
53489
53473
53471
53476
53490
53480
53481
53493
53483
53479
53484
53485
53499
53486
53491
53502
53492
53494
53500
53506
53503
53495
53505
53507
53497
53508
53496
53513
53498
53501
53511
53504
53514
53510
53509
53512
53517
53518
53515
53521
53516
53520
53524
53519
53522
53523
53525
53526
53527
53531
53528
53533
53535
53547
53545
53544
53546
53529
53530
53532
53562
53556
53534
53536
53537
53538
53540
53539
53563
53541
53542
53565
53568
53566
53569
53567
53543
53548
53570
53549
53574
53573
53550
53576
53580
53577
53578
53554
53553
53557
53552
53551
53555
53558
53559
53560
53561
53564
53571
53572
53579
53575
53599
53598
53585
53608
53590
53587
53584
53615
53612
53607
53600
53604
53610
53597
53589
53591
53586
53602
53593
53581
53605
53596
53595
53592
53588
53613
53582
53583
53614
53594
53603
53611
53601
53606
53609
53618
53617
53616
53633
53619
53631
53620
53625
53626
53628
53635
53636
53627
53640
53622
53630
53623
53639
53638
53643
53637
53629
53634
53644
53621
53645
53624
53641
53632
53642
53649
53646
53647
53648
53652
53653
53675
53650
53667
53654
53655
53670
53663
53666
53658
53668
53659
53678
53672
53674
53665
53680
53669
53681
53677
53651
53656
53657
53660
53662
53686
53661
53685
53684
53664
53671
53673
53695
53698
53688
53689
53687
53679
53692
53697
53696
53682
53700
53676
53694
53699
53683
53708
53711
53693
53713
53714
53716
53690
53691
53722
53725
53721
53701
53727
53703
53728
53705
53731
53704
53732
53702
53736
53706
53739
53735
53707
53709
53740
53710
53712
53715
53744
53742
53750
53747
53717
53719
53755
53754
53724
53718
53720
53726
53723
53760
53757
53730
53762
53729
53733
53764
53765
53766
53767
53734
53737
53738
53773
53774
53775
53748
53743
53745
53778
53776
53746
53777
53751
53741
53749
53779
53783
53784
53785
53782
53752
53756
53753
53761
53763
53758
53759
53787
53786
53769
53772
53789
53770
53793
53781
53768
53792
53780
53795
53771
53801
53803
53798
53802
53790
53788
53805
53797
53804
53799
53800
53791
53794
53796
53808
53806
53807
53814
53812
53810
53811
53813
53809
53815
53817
53819
53823
53816
53822
53818
53825
53821
53820
53826
53824
53829
53830
53828
53827
53833
53836
53840
53837
53846
53857
53851
53849
53831
53845
53855
53853
53861
53841
53863
53848
53854
53865
53858
53852
53832
53864
53860
53856
53862
53842
53843
53834
53847
53835
53866
53844
53859
53838
53839
53850
53867
53868
53872
53873
53870
53881
53894
53883
53871
53885
53892
53869
53882
53888
53893
53875
53884
53879
53878
53880
53877
53889
53886
53874
53896
53887
53890
53891
53895
53899
53900
53898
53902
53897
53908
53915
53917
53924
53901
53925
53914
53931
53916
53923
53912
53921
53932
53934
53938
53903
53905
53940
53906
53935
53942
53904
53907
53909
53911
53945
53918
53919
53913
53944
53943
53950
53949
53922
53926
53920
53954
53953
53929
53927
53956
53959
53928
53960
53930
53933
53961
53969
53966
53937
53936
53970
53965
53973
53976
53975
53939
53974
53941
53946
53979
53948
53980
53947
53982
53981
53951
53963
53958
53967
53957
53962
53968
53983
53955
53952
53984
53964
53971
53985
53972
53978
53977
53989
53991
53990
53993
53992
53986
53995
53987
53988
53997
54000
53996
53994
53998
54001
53999
53876
54002
54005
54003
54009
54014
54004
54008
54007
54011
54010
54006
54013
54012
54016
54015
54019
54018
54021
54020
54022
54017
54024
54023
54029
54025
54026
54027
54032
54028
54030
54031
54034
54033
54036
53910
54040
54044
54043
54046
54048
54050
54056
54038
54039
54037
54041
54063
54059
54047
54045
54067
54042
54061
54064
54049
54068
54069
54052
54051
54055
54053
54074
54060
54066
54073
54057
54062
54054
54076
54058
54065
54071
54072
54075
54077
54078
54079
54080
54035
54070
54115
54105
54102
54104
54113
54086
54092
54114
54100
54112
54109
54101
54085
54087
54096
54099
54106
54095
54089
54082
54093
54090
54108
54103
54084
54097
54107
54081
54088
54116
54083
54091
54119
54120
54111
54124
54098
54122
54133
54126
54121
54131
54110
54137
54132
54136
54128
54094
54129
54130
54138
54145
54117
54149
54148
54118
54125
54123
54154
54127
54160
54134
54159
54155
54157
54156
54135
54162
54166
54164
54165
54139
54167
54140
54141
54143
54169
54142
54170
54144
54174
54146
54179
54177
54178
54176
54180
54147
54181
54151
54184
54183
54152
54150
54186
54158
54185
54153
54188
54192
54161
54194
54195
54196
54163
54198
54201
54200
54204
54207
54211
54172
54171
54212
54173
54168
54187
54189
54213
54193
54182
54190
54191
54175
54215
54197
54199
54217
54219
54202
54205
54221
54203
54222
54225
54208
54206
54226
54210
54224
54227
54216
54209
54238
54233
54214
54234
54231
54229
54218
54240
54220
54232
54223
54230
54244
54242
54228
54237
54241
54239
54235
54236
54250
54249
54246
54247
54243
54255
54252
54261
54245
54254
54257
54248
54266
54251
54269
54253
54273
54256
54258
54259
54274
54262
54260
54263
54265
54276
54264
54277
54267
54280
54279
54282
54268
54283
54284
54270
54286
54289
54291
54288
54287
54293
54272
54271
54297
54295
54275
54278
54299
54296
54302
54285
54306
54281
54290
54292
54310
54294
54309
54301
54303
54312
54305
54300
54315
54298
54304
54316
54319
54320
54307
54321
54311
54308
54314
54329
54322
54317
54328
54318
54313
54323
54327
54324
54330
54326
54325
54343
54353
54335
54340
54333
54337
54332
54365
54341
54356
54360
54339
54342
54363
54350
54362
54351
54336
54345
54354
54359
54346
54344
54352
54348
54334
54349
54338
54355
54361
54358
54347
54357
54331
54364
54366
54368
54376
54375
54379
54369
54385
54383
54389
54370
54393
54395
54392
54382
54390
54391
54367
54373
54371
54398
54372
54374
54378
54377
54381
54380
54400
54401
54405
54406
54413
54404
54384
54388
54416
54387
54412
54407
54411
54409
54386
54394
54403
54396
54397
54408
54419
54420
54423
54422
54424
54428
54429
54431
54399
54430
54435
54402
54432
54437
54438
54443
54410
54446
54414
54448
54449
54417
54418
54415
54451
54452
54421
54453
54456
54454
54425
54426
54457
54459
54461
54462
54427
54440
54442
54434
54441
54464
54444
54433
54439
54445
54436
54465
54467
54466
54447
54469
54450
54458
54460
54470
54455
54472
54471
54463
54468
54475
54476
54474
54477
54479
54482
54485
54473
54484
54488
54489
54491
54497
54478
54496
54480
54481
54502
54486
54483
54506
54487
54490
54501
54492
54510
54493
54507
54509
54494
54511
54495
54512
54514
54513
54500
54498
54515
54499
54517
54503
54518
54504
54519
54505
54523
54529
54527
54531
54508
54528
54526
54525
54522
54534
54535
54520
54533
54521
54524
54540
54530
54516
54542
54532
54536
54544
54548
54555
54552
54537
54550
54538
54549
54547
54546
54558
54539
54541
54560
54557
54543
54545
54562
54563
54553
54565
54551
54554
54569
54568
54570
54561
54572
54574
54559
54573
54556
54577
54564
54576
54566
54571
54575
54567
54578
54579
54580
54592
54613
54587
54584
54600
54610
54599
54586
54581
54609
54597
54611
54591
54593
54603
54590
54583
54614
54582
54595
54606
54604
54615
54602
54605
54594
54588
54612
54607
54598
54585
54589
54596
54601
54616
54627
54622
54619
54618
54630
54617
54621
54623
54632
54620
54636
54628
54624
54635
54629
54643
54631
54634
54646
54637
54638
54633
54626
54644
54625
54639
54641
54645
54640
54642
54648
54647
54649
54653
54651
54650
54655
54658
54665
54666
54662
54659
54654
54656
54672
54657
54661
54676
54660
54663
54668
54652
54670
54669
54667
54680
54679
54674
54673
54675
54671
54678
54677
54682
54664
54681
54683
54685
54688
54699
54687
54701
54684
54689
54690
54694
54693
54698
54695
54707
54697
54705
54703
54710
54709
54691
54686
54706
54692
54700
54704
54717
54712
54713
54702
54696
54711
54715
54716
54708
54714
54718
54721
54719
54722
54725
54723
54729
54731
54724
54738
54720
54737
54739
54736
54746
54726
54735
54751
54742
54733
54727
54745
54734
54732
54741
54728
54730
54740
54747
54744
54748
54756
54743
54749
54755
54750
54757
54769
54760
54759
54761
54771
54765
54772
54773
54775
54777
54752
54753
54754
54779
54764
54758
54783
54782
54762
54766
54784
54789
54763
54770
54767
54768
54786
54788
54776
54774
54794
54797
54795
54796
54793
54778
54780
54781
54799
54802
54803
54804
54790
54792
54805
54785
54812
54787
54791
54810
54809
54814
54798
54816
54815
54819
54818
54820
54823
54801
54806
54800
54808
54807
54811
54821
54825
54813
54817
54822
54824
54827
54829
54826
54828
54830
54608
54859
54834
54864
54851
54838
54840
54833
54837
54843
54836
54857
54853
54842
54845
54848
54858
54855
54849
54854
54852
54856
54847
54869
54868
54873
54871
54865
54839
54862
54846
54872
54875
54876
54863
54877
54880
54874
54844
54881
54878
54883
54882
54861
54885
54886
54841
54887
54884
54892
54860
54893
54895
54894
54899
54831
54889
54888
54891
54908
54898
54890
54897
54900
54911
54915
54905
54904
54907
54920
54909
54912
54910
54913
54914
54919
54918
54917
54866
54921
54923
54922
54924
54926
54927
54925
54928
54930
54867
54932
54929
54835
54933
54935
54937
54934
54936
54943
54938
54940
54941
54939
54850
54944
54953
54947
54942
54948
54949
54956
54832
54945
54950
54951
54952
54954
54955
54967
54959
54960
54957
54946
54958
54975
54966
54962
54964
54963
54965
54968
54974
54976
54972
54870
54971
54973
54978
54879
54979
54977
54896
54980
54981
54982
54970
54902
54901
54987
54983
54985
54986
54984
54906
54903
54916
54988
54998
55002
54990
54993
54991
54992
55005
54994
54997
54996
54999
54995
55010
55017
55000
55011
55001
55018
54931
55019
55004
55003
55007
55006
55009
55008
55013
55015
55014
55012
54969
55020
55021
55016
55022
55024
55025
55023
55039
55028
55027
55026
55029
55032
55030
55037
55038
55035
55034
55036
55033
55031
55051
55042
55041
55046
55043
55045
55044
55049
55048
55050
55052
55047
54989
55054
55053
55056
55055
55058
55057
55059
55060
55062
55061
55063
55064
55066
55073
55067
55065
55070
55072
55068
55069
55071
55074
55077
55079
55075
55076
55080
55078
54961
55040
55103
55112
55097
55110
55113
55081
55087
55098
55100
55094
55101
55108
55089
55082
55088
55091
55086
55105
55090
55085
55099
55111
55102
55092
55083
55095
55115
55084
55114
55104
55106
55109
55093
55096
55107
55118
55119
55117
55126
55123
55121
55127
55128
55131
55133
55136
55138
55139
55140
55141
55145
55120
55124
55116
55125
55143
55122
55132
55147
55129
55130
55149
55148
55137
55142
55134
55135
55144
55146
55151
55152
55150
55154
55157
55158
55155
55156
55153
55161
55160
55162
55159
55175
55164
55163
55169
55167
55166
55170
55165
55173
55168
55171
55179
55172
55174
55178
55177
55176
55181
55180
55182
55183
55184
55186
55185
55187
55192
55189
55188
55191
55190
55194
55196
55193
55195
55199
55197
55205
55206
55200
55198
55202
55201
55204
55203
55207
55208
55209
55212
55213
55214
55215
55210
55211
55216
55217
55218
55219
55220
55221
55222
55224
55225
55223
55227
55228
55226
55233
55229
55232
55230
55236
55234
55231
55239
55238
55240
55235
55237
55241
55242
55248
55244
55246
55243
55245
55249
55250
55247
55251
55252
55253
55254
55255
55257
55258
55256
55259
55260
55264
55263
55262
55261
55275
55266
55268
55270
55267
55271
55265
55272
55273
55269
55276
55282
55274
55281
55278
55279
55277
55280
55284
55283
55285
55287
55286
55289
55288
55290
55293
55291
55292
55294
55300
55295
55296
55299
55298
55297
55301
55305
55306
55304
55303
55310
55302
55308
55312
55307
55314
55317
55313
55309
55315
55316
55311
55318
55319
55320
55321
55323
55322
55324
55327
55325
55326
55328
55329
55330
55333
55341
55345
55356
55365
55332
55347
55362
55354
55344
55358
55339
55351
55353
55340
55349
55348
55359
55360
55337
55350
55363
55346
55338
55331
55361
55342
55343
55335
55364
55357
55355
55334
55336
55352
55368
55370
55376
55366
55375
55369
55380
55367
55371
55374
55382
55379
55372
55381
55384
55373
55383
55378
55392
55386
55385
55377
55388
55387
55393
55390
55391
55389
55394
55396
55395
55397
55399
55398
55400
55402
55401
55409
55404
55403
55407
55413
55406
55410
55414
55415
55412
55411
55418
55405
55420
55408
55419
55417
55416
55422
55423
55424
55425
55421
55430
55426
55428
55427
55431
55432
55429
55434
55435
55433
55436
55439
55438
55437
55441
55443
55440
55447
55452
55444
55445
55450
55449
55446
55448
55451
55442
55454
55455
55453
55463
55459
55456
55458
55457
55468
55462
55460
55461
55466
55465
55467
55464
55470
55469
55471
55473
55472
55475
55481
55474
55476
55478
55479
55482
55483
55480
55485
55488
55477
55489
55486
55493
55495
55490
55494
55491
55496
55500
55497
55505
55502
55503
55504
55498
55501
55499
55484
55492
55487
55506
55507
55509
55510
55508
55511
55515
55516
55513
55514
55518
55521
55523
55522
55517
55529
55519
55524
55525
55530
55527
55526
55520
55533
55528
55532
55535
55531
55536
55534
55537
55538
55539
55540
55541
55542
55545
55543
55544
55547
55546
55550
55554
55553
55549
55551
55556
55562
55555
55548
55559
55552
55560
55564
55557
55561
55558
55563
55565
55567
55566
55568
55569
55570
55571
55573
55574
55575
55578
55576
55572
55577
55580
55579
55512
55592
55589
55608
55600
55597
55583
55588
55595
55590
55607
55609
55584
55606
55601
55613
55596
55611
55598
55602
55615
55605
55587
55603
55591
55582
55593
55612
55599
55610
55614
55604
55581
55594
55616
55617
55625
55619
55618
55620
55624
55633
55622
55621
55623
55634
55644
55643
55637
55641
55629
55626
55632
55628
55636
55631
55627
55640
55639
55638
55635
55642
55630
55645
55646
55647
55648
55649
55650
55651
55652
55654
55656
55662
55661
55653
55666
55655
55657
55671
55658
55668
55667
55664
55669
55659
55660
55663
55672
55675
55674
55680
55673
55670
55676
55677
55679
55665
55678
55681
55682
55683
55684
55685
55686
55688
55687
55693
55700
55696
55692
55690
55689
55706
55698
55704
55691
55710
55708
55695
55712
55701
55705
55697
55707
55713
55703
55711
55699
55709
55694
55702
55714
55715
55716
55718
55717
55721
55719
55722
55720
55725
55726
55723
55729
55728
55727
55724
55732
55731
55736
55730
55733
55745
55734
55743
55746
55738
55740
55744
55739
55741
55742
55748
55735
55747
55737
55749
55753
55751
55754
55750
55752
55755
55759
55762
55757
55756
55760
55758
55761
55770
55763
55771
55774
55772
55764
55765
55776
55766
55767
55769
55773
55779
55775
55781
55778
55768
55777
55780
55782
55783
55786
55785
55787
55788
55784
55789
55790
55792
55796
55791
55799
55797
55793
55803
55809
55795
55794
55801
55805
55808
55806
55811
55798
55804
55802
55807
55810
55814
55800
55813
55812
55815
55818
55819
55816
55817
55820
55821
55822
55826
55823
55825
55830
55824
55828
55829
55827
55586
55585
55859
55839
55863
55854
55847
55836
55832
55840
55845
55843
55831
55849
55865
55834
55846
55860
55852
55838
55862
55861
55856
55855
55864
55850
55844
55835
55841
55857
55848
55833
55837
55851
55842
55858
55866
55868
55871
55869
55870
55876
55867
55872
55885
55886
55880
55877
55882
55881
55879
55873
55890
55878
55875
55874
55887
55884
55889
55883
55898
55891
55893
55892
55888
55894
55896
55897
55895
55899
55902
55901
55900
55903
55907
55915
55904
55906
55908
55905
55916
55913
55909
55921
55920
55912
55911
55917
55925
55914
55924
55922
55910
55919
55928
55918
55923
55926
55927
55930
55929
55931
55932
55933
55934
55936
55935
55937
55939
55938
55942
55940
55944
55945
55941
55948
55947
55943
55955
55946
55962
55956
55963
55960
55951
55949
55953
55954
55952
55950
55958
55957
55959
55961
55964
55966
55965
55967
55968
55969
55971
55970
55972
55973
55976
55974
55977
55981
55980
55975
55987
55979
55978
55982
55985
55991
55984
55988
55983
55995
55986
56000
55998
55990
55989
55993
55992
55999
55997
55996
55994
56001
56002
56004
56008
56003
56007
56005
56006
56009
56011
56010
56012
56013
56015
56019
56017
56014
56020
56028
56021
56024
56035
56026
56022
56016
56018
56033
56036
56031
56023
56034
56029
56030
56027
56025
56032
56037
56039
56038
56040
56042
56041
56043
56045
56047
56044
56046
56048
56053
56050
56052
56051
56055
56060
56049
56061
56054
56058
56057
56063
56067
56066
56062
56064
56059
56069
56065
56056
56070
56068
56073
56072
56071
56075
56074
56076
56079
56080
56078
56077
55853
56090
56085
56082
56109
56087
56089
56099
56112
56084
56105
56111
56091
56106
56088
56101
56098
56093
56102
56113
56114
56081
56095
56086
56107
56096
56097
56083
56110
56108
56094
56103
56092
56115
56104
56100
56117
56116
56119
56121
56128
56125
56126
56122
56127
56120
56129
56134
56118
56123
56124
56138
56132
56136
56131
56130
56143
56139
56133
56137
56142
56135
56144
56141
56140
56145
56146
56147
56149
56148
56150
56151
56154
56152
56161
56153
56159
56158
56156
56162
56160
56157
56155
56163
56169
56164
56168
56165
56166
56171
56170
56172
56167
56179
56173
56174
56180
56181
56177
56176
56178
56175
56182
56183
56185
56184
56186
56187
56188
56189
56190
56191
56192
56194
56195
56197
56193
56209
56205
56199
56196
56213
56202
56207
56200
56203
56211
56198
56214
56206
56204
56216
56212
56208
56215
56217
56201
56210
56219
56218
56220
56221
56222
56224
56223
56227
56225
56226
56228
56229
56232
56235
56231
56237
56240
56233
56230
56234
56242
56249
56238
56239
56253
56236
56246
56250
56248
56244
56241
56245
56251
56243
56247
56252
56254
56255
56256
56257
56258
56260
56259
56261
56262
56265
56263
56264
56267
56266
56277
56269
56270
56268
56281
56271
56276
56278
56279
56272
56275
56283
56288
56284
56282
56289
56273
56274
56290
56285
56286
56280
56287
56291
56292
56293
56295
56294
56296
56297
56303
56299
56298
56302
56301
56306
56300
56310
56307
56311
56309
56308
56304
56314
56312
56313
56315
56305
56323
56317
56320
56324
56316
56321
56322
56318
56325
56326
56319
56330
56327
56329
56328
56362
56353
56337
56352
56357
56339
56341
56360
56359
56345
56342
56364
56355
56335
56363
56361
56347
56348
56350
56338
56332
56336
56349
56334
56356
56333
56331
56358
56340
56343
56365
56351
56346
56344
56354
56366
56367
56373
56369
56372
56368
56374
56370
56371
56378
56375
56379
56376
56380
56382
56387
56377
56384
56385
56381
56388
56386
56392
56383
56390
56389
56396
56391
56394
56395
56393
56398
56397
56399
56400
56402
56405
56403
56409
56408
56407
56411
56404
56413
56412
56418
56414
56406
56410
56417
56421
56420
56415
56416
56419
56401
56422
56425
56423
56424
56426
56434
56432
56427
56431
56430
56429
56428
56433
56435
56436
56437
56438
56440
56439
56442
56443
56441
56446
56451
56445
56454
56449
56444
56457
56447
56453
56455
56452
56456
56463
56459
56448
56458
56462
56468
56465
56460
56467
56469
56464
56466
56470
56461
56450
56471
56473
56472
56475
56474
56478
56476
56477
56483
56481
56479
56482
56480
56484
56485
56492
56490
56487
56488
56489
56486
56493
56491
56496
56495
56498
56497
56499
56500
56494
56502
56501
56503
56504
56505
56506
56507
56508
56509
56510
56513
56511
56518
56514
56512
56517
56515
56520
56522
56521
56516
56519
56523
56528
56529
56525
56527
56531
56526
56532
56524
56536
56534
56537
56530
56533
56535
56539
56538
56540
56541
56542
56543
56545
56544
56546
56547
56548
56550
56549
56551
56554
56553
56555
56557
56556
56552
56560
56558
56573
56566
56565
56559
56563
56564
56570
56567
56561
56562
56576
56574
56572
56571
56568
56575
56569
56577
56578
56579
56580
56605
56592
56596
56601
56582
56603
56595
56593
56581
56609
56613
56591
56600
56610
56604
56615
56606
56583
56594
56585
56614
56588
56599
56598
56584
56607
56586
56612
56597
56625
56611
56635
56628
56629
56632
56602
56637
56639
56643
56642
56587
56646
56651
56608
56647
56645
56650
56590
56652
56656
56653
56659
56657
56658
56661
56660
56589
56618
56616
56633
56617
56624
56636
56621
56619
56622
56627
56630
56631
56620
56626
56634
56648
56638
56641
56623
56640
56649
56644
56654
56655
56663
56662
56669
56665
56671
56667
56670
56668
56666
56664
56672
56676
56673
56674
56691
56678
56675
56685
56681
56686
56680
56682
56677
56684
56688
56683
56679
56690
56687
56689
56692
56693
56694
56695
56696
56699
56697
56700
56698
56702
56703
56704
56701
56705
56706
56707
56708
56709
56710
56712
56724
56715
56711
56717
56723
56718
56722
56716
56725
56714
56713
56721
56719
56720
56726
56727
56728
56729
56730
56736
56735
56731
56734
56732
56738
56739
56737
56740
56733
56743
56741
56744
56742
56745
56750
56751
56748
56747
56746
56749
56755
56760
56757
56754
56753
56756
56752
56758
56759
56761
56762
56763
56764
56765
56767
56768
56770
56771
56766
56769
56772
56774
56773
56777
56775
56779
56778
56776
56780
56782
56785
56786
56781
56790
56783
56787
56789
56791
56784
56794
56788
56792
56796
56793
56798
56795
56799
56797
56800
56801
56802
56804
56805
56803
56806
56807
56808
56810
56809
56812
56811
56814
56813
56815
56817
56823
56819
56818
56821
56829
56822
56816
56820
56825
56826
56824
56830
56827
56828
56847
56836
56858
56845
56834
56842
56849
56832
56844
56837
56851
56859
56860
56855
56857
56843
56850
56852
56861
56863
56838
56854
56833
56856
56848
56853
56865
56864
56840
56841
56846
56831
56835
56839
56862
56871
56866
56876
56868
56877
56879
56869
56875
56884
56874
56870
56867
56872
56878
56880
56891
56894
56890
56881
56882
56893
56873
56885
56895
56888
56883
56887
56886
56889
56892
56896
56898
56899
56897
56900
56903
56914
56904
56902
56908
56906
56912
56907
56905
56913
56910
56901
56909
56911
56915
56921
56919
56917
56926
56924
56923
56925
56916
56928
56931
56929
56922
56920
56927
56932
56918
56930
56934
56935
56933
56936
56937
56941
56943
56944
56947
56948
56945
56939
56938
56940
56950
56949
56942
56946
56953
56951
56956
56958
56955
56954
56963
56959
56960
56957
56961
56952
56964
56962
56965
56966
56989
56967
56969
56970
56994
56968
56998
56997
57000
57001
57003
57004
57007
57006
57008
57009
57010
57011
57012
57014
56974
57015
57017
57016
56972
56971
56973
57022
56977
56978
57018
56975
56980
56982
56976
56985
57019
56988
57020
56981
56979
56992
57021
56996
56993
56983
56990
57028
57026
56984
57031
57030
57023
57033
56986
56999
56987
57035
57034
56991
57036
57005
57029
57025
57024
57041
57037
57043
56995
57042
57047
57048
57032
57045
57046
57038
57063
57002
57057
57044
57061
57056
57049
57058
57050
57051
57013
57055
57070
57053
57052
57062
57054
57059
57065
57064
57066
57072
57073
57068
57067
57079
57027
57075
57071
57069
57074
57077
57076
57078
57080
57040
57039
57060
57081
57094
57112
57109
57086
57082
57088
57093
57083
57091
57085
57084
57087
57097
57090
57102
57095
57096
57114
57100
57092
57105
57107
57104
57099
57101
57108
57115
57106
57113
57098
57116
57127
57119
57117
57125
57121
57135
57133
57134
57123
57118
57126
57132
57128
57130
57120
57129
57124
57131
57122
57143
57110
57140
57137
57138
57139
57145
57141
57142
57144
57146
57136
57147
57089
57150
57148
57152
57149
57154
57165
57156
57163
57160
57166
57155
57159
57157
57153
57162
57158
57164
57161
57174
57167
57175
57170
57168
57171
57178
57173
57176
57169
57172
57177
57151
57179
57183
57180
57181
57184
57182
57185
57192
57195
57193
57197
57186
57187
57189
57188
57196
57190
57194
57191
57198
57111
57207
57206
57202
57209
57204
57200
57199
57210
57208
57201
57205
57203
57211
57214
57232
57213
57212
57215
57217
57216
57218
57227
57219
57231
57226
57223
57230
57222
57228
57229
57235
57233
57220
57236
57221
57234
57224
57225
57237
57241
57243
57239
57240
57244
57242
57238
57245
57246
57249
57248
57251
57250
57247
57252
57253
57254
57261
57255
57264
57260
57265
57263
57258
57266
57256
57259
57268
57257
57275
57267
57271
57272
57274
57269
57273
57277
57278
57279
57262
57270
57280
57285
57283
57282
57284
57281
57286
57288
57295
57291
57287
57294
57300
57296
57293
57290
57289
57299
57292
57297
57303
57305
57298
57302
57301
57307
57306
57304
57309
57308
57311
57312
57313
57314
57317
57318
57315
57310
57316
57319
57327
57321
57320
57324
57326
57329
57325
57323
57322
57328
57330
57103
57276
57331
57343
57337
57359
57346
57335
57344
57347
57339
57352
57336
57338
57364
57361
57333
57350
57334
57340
57363
57357
57356
57362
57354
57345
57341
57353
57360
57348
57355
57351
57342
57349
57358
57332
57367
57369
57371
57372
57374
57382
57379
57366
57375
57370
57377
57368
57383
57381
57365
57394
57378
57385
57389
57393
57373
57380
57384
57376
57386
57388
57387
57395
57390
57392
57391
57397
57398
57396
57399
57402
57405
57412
57410
57409
57401
57419
57413
57400
57416
57417
57403
57404
57422
57408
57414
57406
57411
57418
57427
57407
57424
57420
57421
57428
57423
57415
57433
57431
57425
57432
57426
57429
57430
57436
57435
57438
57441
57434
57437
57439
57440
57443
57447
57445
57446
57442
57444
57448
57454
57449
57451
57452
57455
57450
57453
57458
57459
57456
57464
57457
57462
57463
57467
57465
57460
57466
57468
57461
57469
57471
57470
57473
57474
57475
57477
57472
57480
57476
57478
57479
57483
57487
57481
57486
57485
57484
57482
57492
57489
57491
57488
57499
57493
57495
57497
57494
57490
57498
57500
57501
57496
57502
57503
57506
57505
57507
57504
57508
57512
57511
57510
57509
57519
57515
57518
57516
57521
57514
57517
57513
57523
57524
57526
57522
57527
57520
57530
57529
57528
57531
57525
57533
57535
57532
57534
57537
57536
57538
57539
57542
57541
57543
57540
57548
57545
57547
57546
57549
57558
57550
57544
57552
57556
57551
57553
57560
57555
57554
57563
57564
57570
57559
57557
57566
57567
57561
57568
57562
57565
57569
57573
57572
57571
57574
57577
57578
57575
57576
57580
57579
57586
57588
57611
57605
57610
57602
57607
57613
57601
57591
57585
57603
57593
57604
57596
57594
57600
57590
57598
57581
57592
57609
57614
57587
57608
57584
57612
57589
57615
57595
57606
57617
57599
57619
57620
57618
57630
57626
57597
57637
57638
57636
57641
57633
57632
57583
57640
57642
57646
57648
57645
57582
57647
57654
57661
57650
57651
57649
57653
57652
57663
57662
57658
57659
57660
57656
57655
57657
57666
57667
57664
57665
57668
57671
57673
57672
57669
57670
57680
57674
57682
57683
57678
57679
57677
57681
57675
57685
57686
57684
57628
57687
57616
57691
57689
57688
57690
57692
57693
57624
57625
57694
57698
57699
57706
57702
57695
57701
57696
57697
57700
57629
57639
57622
57703
57631
57704
57634
57621
57623
57627
57708
57707
57715
57714
57716
57712
57709
57644
57643
57728
57710
57731
57727
57729
57711
57713
57733
57735
57717
57734
57635
57736
57722
57726
57720
57721
57730
57724
57723
57725
57718
57719
57732
57744
57737
57705
57739
57745
57743
57738
57757
57741
57740
57742
57750
57747
57754
57749
57751
57748
57753
57752
57760
57746
57756
57755
57758
57759
57763
57762
57766
57768
57765
57761
57767
57769
57771
57676
57770
57776
57773
57775
57774
57779
57772
57778
57780
57782
57783
57784
57786
57790
57787
57789
57785
57781
57793
57792
57788
57794
57804
57791
57795
57799
57797
57800
57798
57796
57801
57802
57803
57807
57806
57805
57808
57777
57810
57814
57812
57811
57809
57813
57818
57826
57816
57815
57827
57823
57821
57825
57820
57819
57828
57824
57822
57829
57830
57817
57764
57835
57834
57852
57833
57841
57838
57846
57831
57863
57843
57842
57848
57832
57859
57837
57850
57860
57849
57857
57844
57855
57851
57865
57864
57862
57840
57856
57854
57858
57836
57861
57845
57847
57853
57868
57869
57867
57874
57866
57873
57871
57875
57878
57870
57876
57879
57880
57877
57881
57872
57883
57882
57886
57884
57890
57891
57894
57896
57895
57893
57889
57885
57887
57898
57892
57888
57899
57901
57900
57904
57903
57902
57906
57918
57908
57914
57909
57917
57897
57911
57916
57910
57912
57913
57907
57923
57905
57915
57925
57926
57927
57924
57919
57928
57922
57921
57931
57930
57929
57920
57932
57934
57933
57935
57940
57946
57938
57939
57936
57950
57941
57947
57943
57937
57944
57948
57949
57942
57959
57957
57960
57954
57945
57952
57953
57963
57951
57962
57958
57965
57964
57961
57956
57966
57968
57967
57979
57970
57976
57974
57985
57987
57983
57982
57990
57971
57973
57978
57977
57986
57984
57972
57975
57981
57980
57989
57969
57994
57992
57993
57997
57988
57991
57996
57998
57995
57955
57999
58001
58000
58002
58006
58004
58003
58008
58014
58012
58020
58005
58010
58013
58017
58007
58009
58023
58018
58011
58022
58021
58016
58025
58019
58024
58015
58028
58029
58027
58030
58026
58032
58031
58033
58034
58035
58036
58038
58039
58037
58041
58040
58045
58047
58042
58049
58059
58046
58043
58044
58048
58055
58050
58054
58052
58058
58051
58061
58057
58053
58060
58056
58066
58064
58065
58063
58062
58068
58067
58070
58069
58073
58075
58072
58071
58080
58078
58079
58077
58074
58076
57839
58087
58097
58105
58103
58086
58092
58096
58085
58114
58104
58091
58110
58115
58082
58112
58100
58109
58107
58081
58102
58101
58108
58113
58098
58088
58089
58090
58094
58095
58083
58099
58106
58117
58111
58121
58120
58118
58125
58116
58127
58119
58122
58124
58093
58126
58129
58128
58123
58130
58132
58084
58134
58131
58139
58133
58135
58138
58136
58141
58137
58140
58143
58142
58144
58146
58145
58147
58150
58148
58152
58163
58153
58156
58164
58149
58155
58160
58157
58154
58151
58159
58158
58162
58161
58171
58165
58166
58167
58168
58169
58175
58170
58173
58172
58174
58179
58176
58178
58182
58177
58180
58192
58181
58190
58197
58183
58185
58187
58199
58184
58191
58189
58195
58193
58198
58196
58186
58188
58200
58204
58194
58202
58201
58205
58203
58206
58207
58208
58209
58210
58212
58211
58215
58213
58216
58214
58219
58217
58218
58220
58221
58228
58222
58223
58236
58235
58225
58231
58238
58233
58232
58229
58230
58237
58224
58226
58234
58227
58239
58240
58241
58242
58243
58244
58245
58247
58246
58248
58251
58249
58250
58253
58252
58254
58255
58256
58267
58261
58258
58257
58259
58262
58260
58266
58264
58265
58263
58273
58271
58272
58270
58268
58269
58275
58274
58276
58277
58279
58278
58281
58282
58280
58283
58284
58286
58285
58289
58287
58288
58290
58300
58302
58299
58291
58297
58292
58293
58295
58305
58296
58294
58301
58304
58309
58307
58298
58303
58312
58306
58310
58308
58313
58311
58315
58316
58314
58318
58317
58319
58322
58320
58321
58324
58329
58325
58327
58323
58328
58330
58326
58346
58336
58335
58343
58342
58332
58351
58338
58334
58331
58361
58340
58365
58337
58359
58354
58363
58353
58350
58349
58333
58355
58352
58360
58364
58357
58344
58339
58356
58348
58345
58362
58358
58347
58369
58366
58367
58370
58374
58376
58382
58375
58341
58368
58380
58373
58385
58371
58379
58377
58372
58378
58381
58386
58383
58387
58389
58388
58391
58392
58390
58394
58396
58393
58395
58397
58399
58398
58400
58401
58403
58404
58405
58402
58407
58410
58409
58408
58411
58415
58412
58413
58419
58418
58420
58416
58417
58424
58421
58425
58423
58414
58426
58429
58428
58431
58427
58430
58432
58434
58433
58436
58435
58437
58439
58438
58440
58443
58444
58446
58441
58442
58447
58445
58453
58449
58452
58448
58455
58451
58450
58454
58456
58458
58457
58459
58460
58461
58463
58462
58464
58465
58466
58467
58469
58468
58471
58470
58480
58472
58475
58473
58474
58476
58478
58481
58477
58479
58483
58485
58490
58482
58491
58484
58486
58489
58492
58487
58488
58494
58493
58495
58496
58497
58498
58501
58384
58500
58499
58502
58503
58506
58507
58505
58504
58509
58512
58511
58516
58510
58508
58406
58513
58515
58519
58522
58517
58526
58514
58525
58520
58518
58524
58523
58521
58527
58529
58528
58531
58533
58530
58534
58535
58536
58538
58537
58539
58541
58550
58542
58543
58551
58540
58546
58552
58545
58556
58548
58558
58544
58549
58559
58553
58555
58557
58554
58563
58560
58562
58561
58566
58565
58567
58564
58568
58569
58570
58572
58571
58573
58575
58574
58578
58577
58579
58576
58580
58422
58532
58547
58615
58591
58595
58610
58614
58603
58586
58611
58588
58605
58589
58606
58582
58585
58584
58581
58612
58594
58599
58598
58587
58613
58600
58583
58597
58607
58604
58596
58602
58592
58590
58593
58601
58608
58609
58618
58617
58622
58623
58621
58620
58628
58625
58616
58619
58624
58626
58629
58631
58630
58627
58632
58633
58634
58635
58639
58637
58640
58638
58643
58646
58636
58645
58642
58648
58641
58647
58649
58644
58650
58651
58652
58656
58665
58659
58653
58654
58657
58662
58661
58655
58658
58663
58669
58670
58666
58668
58671
58667
58664
58672
58660
58673
58675
58677
58676
58678
58674
58681
58682
58680
58679
58684
58685
58683
58686
58687
58688
58689
58693
58690
58692
58691
58703
58698
58701
58695
58697
58700
58694
58705
58699
58708
58702
58696
58704
58715
58716
58717
58720
58711
58706
58707
58712
58719
58709
58713
58710
58714
58718
58722
58721
58723
58733
58726
58725
58734
58728
58724
58727
58730
58737
58731
58736
58729
58735
58732
58738
58742
58739
58741
58747
58740
58749
58743
58748
58755
58752
58751
58744
58746
58754
58756
58753
58750
58745
58757
58758
58760
58759
58761
58764
58765
58767
58763
58762
58771
58770
58769
58775
58768
58772
58776
58766
58773
58785
58778
58774
58781
58780
58777
58786
58782
58783
58779
58784
58788
58787
58789
58792
58790
58791
58793
58796
58794
58795
58797
58803
58804
58798
58800
58802
58808
58806
58807
58801
58805
58799
58809
58810
58811
58813
58820
58812
58818
58817
58815
58814
58819
58821
58816
58822
58823
58824
58826
58825
58827
58828
58830
58829
58839
58860
58859
58856
58843
58852
58835
58845
58847
58837
58863
58862
58864
58840
58858
58844
58834
58855
58850
58857
58846
58832
58865
58831
58861
58842
58853
58833
58841
58854
58836
58848
58838
58849
58851
58866
58873
58868
58867
58871
58870
58875
58874
58869
58876
58881
58883
58872
58878
58877
58880
58882
58879
58885
58888
58884
58889
58886
58891
58887
58894
58893
58892
58890
58898
58897
58896
58895
58899
58900
58903
58901
58902
58909
58904
58905
58907
58911
58914
58912
58908
58917
58915
58919
58906
58910
58913
58916
58927
58918
58920
58922
58923
58924
58930
58929
58921
58925
58928
58926
58931
58933
58932
58934
58935
58936
58937
58938
58940
58941
58942
58939
58944
58946
58943
58945
58949
58952
58947
58948
58950
58956
58955
58953
58951
58962
58963
58954
58959
58957
58964
58961
58958
58965
58960
58966
58968
58970
58967
58969
58971
58972
58973
58975
58978
58974
58977
58980
58976
58981
58987
58989
58988
58979
58985
58982
58992
58990
58993
58984
58994
58983
58986
58991
58997
58999
58995
58996
59000
58998
59002
59001
59004
59003
59005
59007
59006
59008
59009
59011
59012
59013
59015
59010
59014
59017
59016
59018
59020
59019
59025
59028
59021
59024
59027
59026
59023
59031
59030
59022
59035
59034
59032
59029
59033
59037
59038
59036
59039
59040
59042
59043
59041
59044
59045
59046
59049
59050
59048
59047
59052
59051
59053
59057
59054
59056
59059
59060
59058
59055
59063
59069
59066
59068
59065
59064
59062
59061
59074
59067
59071
59072
59070
59077
59073
59075
59076
59078
59080
59079
59105
59093
59088
59084
59096
59104
59091
59108
59102
59101
59083
59085
59107
59112
59095
59092
59111
59097
59115
59122
59109
59089
59114
59094
59086
59090
59087
59113
59100
59082
59098
59099
59118
59116
59119
59117
59129
59121
59103
59110
59106
59081
59124
59128
59130
59126
59120
59134
59131
59140
59136
59125
59137
59132
59127
59139
59135
59141
59133
59138
59144
59145
59143
59142
59146
59147
59151
59148
59152
59150
59153
59149
59160
59155
59154
59158
59159
59167
59157
59161
59172
59164
59173
59156
59171
59166
59177
59175
59168
59165
59178
59163
59170
59179
59181
59162
59174
59180
59176
59169
59182
59183
59184
59187
59186
59185
59221
59191
59197
59222
59190
59192
59188
59189
59203
59194
59196
59195
59204
59226
59224
59208
59193
59210
59206
59198
59199
59229
59207
59231
59225
59233
59209
59200
59234
59238
59214
59237
59213
59202
59211
59212
59205
59240
59123
59201
59239
59235
59252
59249
59255
59216
59256
59254
59248
59219
59218
59257
59245
59258
59215
59260
59250
59253
59247
59251
59217
59220
59259
59263
59267
59272
59276
59271
59282
59269
59265
59270
59266
59283
59273
59274
59278
59277
59246
59279
59281
59280
59227
59264
59284
59223
59285
59286
59289
59288
59228
59287
59304
59293
59291
59292
59294
59295
59290
59297
59307
59296
59299
59300
59312
59301
59303
59302
59305
59232
59306
59308
59309
59244
59310
59311
59242
59236
59241
59230
59315
59316
59313
59319
59314
59318
59320
59322
59243
59321
59317
59325
59323
59324
59327
59328
59330
59326
59329
59261
59262
59268
59298
59275
59338
59333
59356
59358
59331
59339
59347
59365
59359
59353
59364
59360
59340
59351
59361
59334
59345
59332
59346
59363
59335
59354
59336
59349
59352
59355
59341
59348
59343
59342
59350
59357
59344
59362
59368
59369
59372
59373
59370
59371
59366
59380
59381
59375
59377
59378
59376
59383
59398
59379
59385
59374
59387
59395
59389
59397
59392
59390
59393
59396
59386
59394
59391
59384
59382
59399
59406
59400
59402
59404
59407
59403
59409
59408
59405
59401
59410
59412
59420
59411
59418
59419
59417
59430
59429
59427
59421
59414
59425
59413
59424
59426
59416
59415
59422
59428
59431
59337
59423
59433
59434
59435
59437
59436
59432
59442
59440
59443
59441
59438
59439
59458
59446
59452
59454
59453
59449
59444
59459
59447
59445
59461
59457
59451
59448
59460
59450
59455
59456
59388
59462
59464
59463
59468
59465
59467
59470
59466
59469
59474
59472
59473
59476
59471
59475
59477
59495
59478
59482
59480
59488
59479
59484
59486
59483
59485
59493
59487
59491
59489
59492
59494
59481
59490
59496
59497
59498
59504
59506
59502
59501
59500
59505
59503
59499
59511
59508
59510
59507
59518
59517
59513
59512
59515
59519
59509
59516
59526
59523
59520
59527
59524
59514
59528
59525
59521
59522
59529
59530
59531
59532
59539
59538
59534
59535
59536
59537
59544
59533
59542
59541
59543
59540
59550
59546
59545
59549
59551
59552
59548
59553
59558
59560
59563
59554
59561
59556
59559
59562
59555
59557
59547
59564
59565
59566
59567
59570
59573
59571
59568
59569
59572
59574
59578
59577
59576
59575
59580
59579
59367
59592
59583
59596
59609
59599
59606
59603
59581
59598
59590
59597
59593
59615
59588
59605
59611
59612
59602
59582
59594
59600
59584
59586
59595
59585
59607
59587
59601
59610
59589
59608
59613
59614
59591
59604
59622
59616
59624
59621
59618
59627
59617
59625
59632
59619
59623
59628
59626
59620
59637
59629
59633
59634
59631
59635
59630
59636
59639
59638
59642
59640
59643
59641
59644
59645
59646
59649
59648
59647
59650
59651
59652
59653
59657
59655
59659
59654
59673
59660
59658
59663
59656
59661
59666
59675
59664
59671
59662
59670
59668
59677
59667
59669
59672
59674
59665
59679
59680
59678
59676
59681
59682
59683
59685
59684
59688
59686
59687
59690
59691
59689
59692
59694
59693
59697
59698
59696
59695
59699
59710
59706
59701
59704
59707
59715
59709
59713
59705
59700
59714
59712
59702
59717
59703
59708
59716
59720
59711
59718
59719
59721
59722
59729
59723
59726
59733
59730
59737
59728
59727
59731
59734
59741
59725
59736
59732
59744
59742
59738
59743
59739
59735
59745
59749
59748
59753
59724
59740
59746
59750
59747
59751
59755
59752
59754
59757
59756
59759
59789
59761
59760
59766
59764
59762
59763
59769
59765
59767
59771
59772
59778
59770
59758
59777
59775
59768
59781
59784
59783
59773
59790
59786
59788
59774
59785
59782
59787
59779
59776
59780
59791
59792
59794
59793
59799
59796
59798
59797
59795
59803
59801
59807
59805
59802
59800
59808
59804
59810
59806
59811
59809
59812
59816
59817
59814
59813
59820
59819
59815
59818
59821
59822
59825
59823
59824
59826
59827
59830
59829
59828
59836
59858
59845
59864
59856
59852
59841
59835
59834
59857
59839
59861
59844
59832
59851
59842
59843
59863
59859
59831
59867
59847
59840
59853
59855
59865
59862
59850
59838
59860
59879
59878
59883
59875
59876
59833
59848
59846
59837
59849
59854
59870
59866
59868
59872
59871
59880
59869
59888
59882
59877
59881
59889
59874
59873
59885
59895
59896
59892
59899
59893
59894
59900
59886
59887
59898
59897
59891
59884
59902
59890
59901
59904
59903
59905
59906
59909
59911
59907
59912
59908
59910
59914
59922
59924
59930
59919
59925
59929
59934
59913
59931
59917
59921
59915
59916
59935
59923
59927
59936
59928
59926
59918
59933
59920
59932
59937
59941
59938
59940
59939
59942
59949
59944
59946
59943
59947
59956
59945
59952
59950
59955
59948
59962
59951
59954
59958
59959
59966
59964
59961
59953
59975
59967
59957
59965
59972
59963
59969
59970
59968
59971
59973
59976
59974
59960
59977
59979
59981
59980
59989
59984
59982
59983
59978
59987
59988
59986
59985
59999
60002
59991
59998
59990
59996
59995
60004
59992
60005
60000
59994
60003
59993
60006
59997
60011
60007
60008
60009
60001
60010
60014
60012
60013
60017
60020
60021
60022
60015
60019
60016
60018
60025
60035
60029
60024
60023
60027
60028
60033
60039
60037
60030
60034
60038
60026
60031
60036
60032
60041
60042
60046
60044
60040
60043
60045
60049
60048
60047
60055
60051
60052
60054
60053
60050
60056
60057
60059
60062
60063
60065
60058
60069
60061
60067
60060
60066
60070
60068
60074
60071
60077
60064
60073
60080
60079
60076
60075
60072
60078
60094
60089
60081
60099
60112
60083
60108
60113
60110
60088
60092
60087
60097
60115
60109
60091
60101
60106
60093
60107
60111
60085
60105
60114
60082
60100
60104
60090
60086
60102
60096
60084
60103
60120
60117
60122
60119
60118
60116
60124
60121
60130
60134
60127
60123
60131
60132
60138
60129
60125
60128
60142
60135
60133
60126
60137
60141
60139
60140
60145
60148
60146
60136
60147
60143
60144
60149
60151
60150
60154
60152
60156
60153
60160
60159
60162
60158
60163
60155
60164
60161
60157
60165
60171
60172
60169
60168
60166
60173
60167
60175
60170
60174
60176
60177
60178
60182
60180
60181
60179
60183
60184
60185
60188
60186
60187
60193
60191
60197
60192
60189
60196
60198
60190
60195
60194
60201
60199
60202
60204
60205
60200
60207
60206
60208
60203
60209
60210
60211
60213
60212
60214
60215
60216
60217
60218
60219
60220
60222
60221
60224
60226
60223
60228
60225
60234
60227
60230
60229
60231
60233
60232
60236
60238
60237
60239
60243
60240
60241
60235
60242
60244
60249
60247
60245
60246
60248
60251
60250
60256
60252
60253
60255
60254
60262
60258
60257
60260
60266
60261
60265
60264
60259
60270
60263
60271
60267
60275
60274
60273
60276
60272
60269
60277
60268
60280
60278
60279
60281
60285
60282
60286
60283
60290
60288
60291
60289
60287
60284
60293
60292
60297
60295
60301
60298
60294
60299
60296
60303
60300
60302
60304
60306
60307
60305
60308
60310
60313
60311
60312
60309
60315
60320
60321
60314
60318
60317
60322
60316
60323
60324
60319
60327
60325
60326
60330
60329
60328
60095
60098
60342
60348
60349
60357
60335
60333
60331
60352
60346
60341
60351
60353
60358
60338
60343
60361
60336
60345
60365
60354
60340
60363
60350
60334
60347
60332
60355
60360
60364
60356
60362
60359
60339
60370
60368
60371
60369
60367
60373
60366
60380
60375
60379
60378
60388
60394
60393
60387
60392
60390
60377
60376
60372
60381
60382
60384
60385
60386
60396
60389
60395
60383
60397
60391
60344
60400
60337
60398
60401
60403
60399
60402
60404
60374
60409
60410
60405
60417
60408
60406
60413
60411
60419
60412
60414
60420
60418
60415
60422
60425
60421
60423
60429
60427
60424
60426
60428
60430
60416
60431
60433
60435
60441
60439
60444
60445
60437
60443
60434
60447
60446
60438
60440
60432
60436
60442
60453
60455
60458
60451
60459
60449
60450
60457
60452
60448
60454
60456
60463
60460
60464
60462
60461
60407
60465
60466
60467
60478
60473
60468
60477
60481
60474
60472
60471
60476
60469
60479
60480
60482
60491
60470
60485
60484
60488
60490
60487
60489
60486
60475
60492
60483
60493
60498
60496
60495
60499
60494
60500
60501
60502
60503
60505
60510
60508
60507
60504
60506
60509
60511
60512
60514
60513
60527
60525
60526
60517
60529
60523
60519
60520
60528
60522
60516
60515
60518
60521
60524
60532
60531
60530
60533
60534
60536
60541
60543
60497
60542
60538
60544
60539
60545
60546
60535
60537
60547
60553
60550
60548
60551
60540
60555
60560
60564
60561
60559
60562
60563
60565
60557
60549
60556
60552
60554
60558
60566
60567
60568
60574
60569
60572
60573
60577
60575
60580
60576
60571
60579
60578
60570
60595
60582
60590
60612
60588
60587
60585
60599
60614
60583
60591
60593
60615
60605
60592
60584
60603
60606
60594
60586
60604
60601
60597
60581
60610
60598
60608
60613
60602
60600
60607
60596
60611
60609
60616
60617
60621
60618
60619
60626
60623
60625
60630
60622
60620
60628
60633
60624
60644
60635
60636
60634
60638
60641
60637
60632
60631
60629
60642
60645
60646
60648
60627
60643
60639
60640
60647
60649
60650
60651
60654
60655
60653
60662
60665
60658
60657
60664
60661
60656
60659
60672
60663
60669
60674
60652
60666
60670
60668
60667
60673
60671
60681
60660
60675
60677
60680
60679
60676
60678
60682
60683
60685
60684
60687
60686
60689
60702
60701
60700
60693
60694
60695
60690
60707
60704
60688
60696
60691
60697
60708
60699
60706
60705
60698
60709
60711
60692
60710
60703
60714
60713
60712
60715
60716
60717
60750
60720
60749
60719
60718
60746
60730
60723
60725
60742
60722
60747
60751
60743
60726
60727
60733
60721
60734
60741
60739
60736
60724
60728
60735
60738
60729
60740
60732
60745
60731
60744
60748
60753
60756
60757
60762
60752
60755
60759
60754
60760
60774
60764
60758
60761
60771
60770
60773
60769
60767
60766
60780
60763
60775
60772
60765
60781
60777
60782
60776
60784
60779
60783
60778
60768
60788
60786
60794
60795
60787
60789
60785
60800
60793
60796
60791
60803
60797
60810
60792
60813
60790
60804
60808
60811
60798
60801
60809
60799
60802
60805
60812
60806
60807
60814
60815
60816
60817
60821
60822
60820
60819
60818
60828
60825
60830
60824
60829
60823
60826
60827
60589
60737
60854
60852
60835
60838
60841
60848
60862
60861
60840
60856
60847
60853
60843
60831
60842
60865
60834
60863
60846
60832
60850
60858
60859
60864
60855
60860
60839
60851
60857
60833
60844
60849
60837
60845
60836
60866
60868
60872
60867
60875
60876
60874
60871
60881
60878
60882
60869
60873
60886
60870
60880
60879
60885
60883
60884
60887
60877
60888
60892
60890
60891
60893
60889
60895
60897
60896
60894
60898
60899
60900
60901
60902
60912
60906
60905
60908
60909
60903
60910
60911
60919
60907
60904
60915
60913
60916
60921
60922
60914
60918
60920
60924
60926
60927
60928
60930
60923
60925
60917
60931
60929
60932
60933
60934
60935
60938
60936
60939
60942
60944
60950
60941
60937
60945
60943
60940
60951
60953
60949
60947
60948
60946
60952
60956
60958
60964
60954
60962
60957
60960
60967
60961
60963
60955
60959
60966
60970
60965
60969
60968
60976
60973
60974
60972
60977
60978
60975
60981
60983
60985
60988
60979
60986
60991
60984
60980
60987
60971
60982
60993
60996
60992
60989
61000
60990
60994
60997
60998
60999
60995
61003
61001
61004
61005
61002
61009
61008
61007
61010
61014
61013
61015
61022
61024
61025
61019
61016
61018
61026
61017
61023
61029
61021
61020
61034
61031
61028
61038
61040
61032
61027
61037
61012
61035
61006
61011
61033
61030
61036
61039
61044
61043
61049
61045
61041
61042
61046
61050
61055
61054
61047
61048
61059
61057
61053
61051
61052
61058
61062
61065
61060
61064
61056
61061
61071
61067
61063
61073
61066
61074
61070
61068
61069
61072
61075
61078
61076
61077
61080
61079
61090
61101
61084
61093
61099
61110
61113
61114
61081
61103
61111
61115
61096
61086
61105
61085
61087
61088
61106
61107
61112
61104
61082
61109
61083
61092
61129
61132
61128
61108
61137
61089
61139
61098
61140
61097
61091
61100
61102
61145
61094
61147
61152
61153
61151
61144
61154
61095
61148
61156
61163
61157
61160
61158
61159
61161
61162
61116
61164
61165
61125
61124
61118
61119
61117
61121
61126
61173
61133
61169
61168
61120
61122
61123
61136
61141
61172
61176
61127
61130
61149
61175
61179
61138
61177
61174
61178
61134
61182
61181
61135
61131
61187
61184
61146
61190
61188
61189
61143
61191
61195
61183
61199
61186
61185
61203
61194
61142
61206
61207
61155
61192
61193
61210
61200
61201
61202
61197
61214
61198
61150
61205
61204
61223
61209
61208
61212
61213
61211
61216
61215
61167
61236
61220
61171
61217
61221
61219
61222
61218
61170
61224
61229
61225
61227
61228
61230
61235
61233
61232
61231
61234
61237
61247
61238
61240
61250
61239
61241
61242
61243
61244
61256
61246
61245
61180
61249
61248
61251
61252
61258
61254
61255
61259
61253
61257
61196
61261
61262
61260
61263
61264
61266
61265
61267
61281
61269
61268
61273
61270
61272
61275
61274
61271
61277
61292
61278
61284
61285
61282
61226
61288
61280
61290
61283
61291
61286
61287
61293
61289
61294
61296
61295
61297
61300
61301
61298
61302
61299
61316
61304
61306
61308
61303
61307
61311
61305
61310
61309
61312
61315
61314
61313
61319
61317
61322
61325
61324
61318
61323
61321
61326
61328
61320
61327
61329
61330
61276
61166
61279
61335
61332
61338
61340
61344
61339
61333
61331
61348
61352
61334
61347
61350
61349
61337
61336
61341
61353
61346
61343
61345
61363
61356
61342
61354
61365
61364
61361
61355
61357
61351
61359
61360
61362
61358
61366
61368
61367
61373
61370
61378
61372
61380
61375
61371
61377
61369
61379
61374
61382
61381
61391
61389
61385
61384
61388
61387
61386
61383
61395
61397
61376
61392
61396
61394
61393
61399
61398
61390
61400
61402
61403
61401
61405
61408
61407
61406
61414
61411
61413
61415
61416
61409
61419
61424
61410
61418
61421
61427
61425
61422
61429
61428
61417
61431
61426
61404
61412
61420
61432
61434
61430
61435
61436
61437
61438
61442
61445
61446
61444
61443
61440
61453
61441
61439
61452
61455
61456
61457
61458
61448
61459
61449
61465
61464
61466
61463
61462
61454
61447
61451
61450
61460
61461
61467
61468
61469
61470
61472
61481
61478
61473
61479
61484
61477
61476
61474
61483
61487
61480
61488
61490
61482
61486
61489
61475
61485
61500
61495
61492
61497
61499
61496
61491
61494
61498
61493
61501
61503
61502
61504
61506
61508
61507
61515
61510
61509
61513
61522
61521
61518
61505
61511
61516
61520
61523
61517
61512
61514
61519
61525
61531
61526
61530
61527
61524
61529
61528
61532
61533
61535
61534
61538
61539
61536
61537
61540
61550
61541
61545
61542
61549
61548
61554
61552
61553
61546
61547
61551
61543
61544
61555
61557
61558
61561
61563
61560
61562
61556
61559
61564
61423
61433
61565
61566
61567
61568
61571
61570
61573
61569
61575
61577
61579
61572
61578
61574
61580
61471
61576
61584
61582
61588
61585
61586
61581
61595
61599
61600
61591
61602
61589
61611
61592
61594
61593
61606
61598
61590
61601
61605
61597
61615
61604
61610
61613
61587
61609
61603
61583
61612
61614
61608
61607
61619
61620
61618
61627
61629
61623
61622
61616
61624
61625
61626
61617
61621
61642
61633
61632
61639
61637
61630
61628
61635
61641
61643
61648
61647
61636
61638
61649
61640
61645
61634
61644
61646
61631
61651
61650
61652
61653
61657
61655
61658
61654
61656
61659
61665
61660
61662
61661
61669
61663
61664
61671
61678
61666
61668
61683
61679
61672
61667
61670
61673
61680
61676
61682
61675
61677
61674
61681
61684
61687
61689
61690
61685
61686
61688
61692
61696
61695
61691
61694
61693
61704
61703
61706
61702
61710
61713
61705
61715
61708
61709
61716
61699
61698
61700
61714
61711
61707
61712
61717
61596
61724
61719
61722
61721
61720
61723
61718
61728
61725
61726
61727
61729
61730
61731
61732
61747
61733
61737
61738
61748
61742
61743
61749
61745
61734
61744
61736
61741
61746
61740
61739
61735
61750
61753
61752
61751
61758
61761
61756
61759
61754
61760
61755
61764
61757
61765
61763
61766
61762
61767
61772
61770
61768
61778
61769
61771
61773
61780
61774
61776
61775
61779
61782
61777
61781
61783
61784
61786
61785
61787
61790
61788
61792
61789
61791
61793
61794
61795
61796
61798
61797
61799
61800
61801
61802
61809
61805
61807
61803
61811
61804
61806
61808
61813
61810
61814
61816
61815
61819
61817
61818
61697
61825
61826
61829
61822
61821
61828
61823
61820
61827
61824
61830
61812
61701
61852
61854
61862
61842
61835
61844
61837
61848
61860
61853
61863
61861
61857
61856
61836
61843
61832
61846
61865
61834
61841
61855
61840
61831
61851
61833
61845
61850
61839
61864
61858
61847
61859
61849
61838
61875
61868
61866
61867
61869
61876
61871
61873
61872
61870
61886
61880
61882
61878
61874
61879
61893
61881
61887
61895
61883
61888
61885
61877
61884
61891
61889
61890
61894
61892
61896
61897
61898
61899
61900
61908
61910
61901
61917
61906
61904
61922
61916
61912
61903
61924
61921
61911
61918
61907
61905
61923
61925
61915
61913
61902
61919
61932
61930
61920
61914
61926
61928
61929
61927
61909
61933
61931
61935
61934
61936
61955
61939
61938
61951
61953
61947
61943
61942
61937
61961
61952
61940
61949
61957
61958
61963
61941
61964
61954
61959
61948
61944
61946
61960
61965
61962
61945
61950
61956
61966
61967
61968
61969
61970
61972
61971
61977
61980
61974
61976
61973
61988
61975
61979
61978
61983
61989
61982
61985
61986
61981
61993
61992
61995
61999
61990
62003
61997
61984
61996
62000
61994
61987
61998
62001
61991
62002
62004
62005
62006
62008
62009
62012
62015
62019
62014
62020
62010
62011
62016
62033
62022
62007
62027
62021
62023
62018
62024
62017
62028
62032
62035
62013
62030
62026
62029
62031
62036
62034
62025
62038
62039
62037
62040
62044
62041
62042
62048
62043
62045
62049
62046
62051
62052
62056
62060
62047
62055
62050
62062
62059
62053
62057
62054
62063
62067
62061
62058
62066
62070
62065
62064
62072
62068
62073
62075
62069
62071
62074
62077
62078
62076
62079
62080
62090
62096
62092
62101
62106
62093
62100
62112
62083
62081
62098
62109
62094
62085
62115
62099
62086
62108
62087
62095
62105
62091
62088
62107
62103
62097
62102
62114
62111
62104
62110
62113
62084
62089
62082
62116
62118
62117
62124
62120
62119
62123
62122
62132
62130
62129
62135
62131
62138
62136
62137
62121
62133
62128
62141
62142
62134
62139
62126
62127
62145
62146
62144
62147
62143
62148
62149
62150
62156
62151
62152
62153
62161
62154
62169
62164
62166
62159
62165
62173
62177
62168
62176
62167
62171
62180
62179
62178
62181
62182
62183
62158
62163
62172
62157
62175
62174
62160
62162
62170
62187
62184
62186
62188
62185
62191
62189
62192
62193
62190
62194
62196
62198
62195
62197
62202
62199
62203
62201
62204
62200
62205
62209
62211
62213
62207
62212
62210
62208
62215
62214
62216
62217
62206
62222
62220
62218
62219
62221
62223
62228
62225
62224
62230
62226
62229
62232
62235
62227
62231
62233
62234
62237
62236
62239
62238
62242
62246
62240
62241
62244
62243
62247
62245
62248
62249
62250
62251
62254
62252
62253
62255
62256
62257
62259
62258
62260
62264
62263
62265
62261
62262
62266
62268
62267
62270
62269
62272
62271
62277
62274
62273
62125
62276
62140
62278
62275
62279
62282
62281
62280
62283
62285
62284
62286
62287
62288
62289
62290
62292
62294
62291
62293
62296
62299
62295
62297
62155
62300
62303
62302
62305
62298
62307
62304
62301
62306
62309
62311
62312
62314
62318
62316
62313
62317
62320
62315
62322
62319
62324
62321
62323
62328
62326
62325
62327
62329
62330
62308
62310
62357
62341
62352
62343
62356
62363
62362
62360
62345
62364
62340
62344
62347
62334
62365
62333
62353
62339
62331
62336
62359
62361
62348
62354
62337
62350
62342
62335
62346
62332
62351
62355
62349
62358
62338
62373
62366
62369
62367
62372
62370
62374
62371
62368
62377
62375
62378
62381
62382
62379
62376
62390
62384
62386
62385
62380
62387
62389
62383
62388
62392
62395
62394
62397
62391
62393
62398
62396
62399
62400
62401
62402
62403
62405
62410
62406
62404
62408
62407
62409
62415
62413
62412
62419
62414
62416
62418
62425
62411
62422
62424
62423
62420
62430
62426
62421
62417
62427
62428
62429
62433
62432
62435
62431
62434
62439
62445
62438
62442
62441
62452
62444
62446
62440
62436
62437
62448
62443
62453
62447
62450
62455
62456
62457
62449
62454
62451
62458
62460
62464
62461
62459
62463
62462
62465
62466
62468
62467
62470
62469
62471
62474
62475
62476
62472
62477
62473
62494
62478
62480
62479
62483
62485
62481
62487
62484
62493
62489
62482
62490
62486
62492
62496
62491
62488
62500
62495
62497
62504
62502
62503
62498
62505
62501
62499
62508
62506
62507
62509
62514
62510
62512
62513
62517
62516
62511
62518
62519
62515
62520
62521
62523
62522
62529
62524
62525
62527
62528
62534
62531
62530
62526
62533
62532
62538
62536
62537
62535
62540
62539
62542
62541
62544
62545
62546
62543
62547
62549
62548
62551
62550
62553
62552
62563
62555
62559
62554
62561
62566
62556
62557
62558
62569
62573
62567
62568
62564
62571
62560
62565
62570
62572
62574
62562
62575
62577
62576
62579
62578
62580
62584
62589
62588
62581
62615
62590
62605
62606
62595
62608
62582
62600
62591
62592
62610
62607
62594
62602
62604
62583
62609
62611
62614
62598
62593
62612
62601
62587
62599
62597
62603
62635
62631
62628
62629
62627
62637
62630
62636
62642
62639
62641
62585
62648
62654
62657
62655
62656
62617
62616
62658
62613
62620
62621
62618
62619
62623
62625
62640
62622
62586
62596
62644
62624
62634
62638
62632
62626
62643
62646
62633
62649
62651
62645
62650
62652
62647
62653
62664
62661
62660
62659
62662
62665
62663
62666
62667
62668
62670
62669
62673
62677
62682
62678
62675
62680
62672
62671
62681
62676
62679
62685
62684
62683
62674
62689
62686
62691
62687
62688
62690
62692
62694
62695
62693
62698
62697
62702
62699
62703
62701
62700
62696
62705
62711
62710
62708
62706
62704
62713
62714
62712
62707
62715
62717
62709
62719
62716
62721
62726
62718
62724
62725
62722
62720
62723
62729
62728
62727
62730
62731
62732
62733
62735
62734
62737
62738
62736
62739
62740
62741
62744
62742
62743
62745
62747
62746
62750
62748
62756
62757
62753
62754
62751
62755
62752
62749
62759
62761
62760
62758
62762
62763
62764
62768
62769
62767
62766
62765
62771
62770
62773
62772
62775
62774
62776
62779
62777
62778
62782
62780
62781
62789
62790
62794
62791
62785
62784
62788
62787
62783
62786
62796
62793
62795
62797
62792
62798
62799
62801
62800
62803
62805
62802
62804
62806
62807
62808
62811
62815
62809
62812
62814
62813
62816
62822
62817
62821
62820
62810
62818
62828
62819
62827
62824
62825
62829
62823
62826
62830
62831
62861
62852
62847
62840
62835
62842
62858
62841
62836
62850
62837
62851
62854
62843
62849
62855
62839
62863
62844
62864
62832
62848
62865
62857
62833
62856
62853
62859
62834
62862
62845
62838
62846
62860
62868
62875
62871
62870
62867
62889
62878
62874
62887
62876
62880
62872
62873
62879
62877
62892
62891
62883
62882
62888
62881
62886
62893
62885
62894
62890
62884
62866
62898
62869
62896
62899
62895
62900
62897
62901
62905
62907
62904
62916
62906
62902
62911
62908
62912
62918
62919
62913
62903
62914
62925
62909
62915
62917
62920
62921
62910
62928
62923
62927
62926
62922
62929
62924
62932
62931
62934
62935
62933
62930
62937
62936
62938
62939
62942
62943
62940
62944
62941
62947
62946
62950
62953
62956
62945
62955
62949
62952
62951
62958
62960
62954
62961
62959
62957
62962
62963
62964
62948
62966
62965
62968
62970
62969
62967
62973
62971
62972
62977
62974
62976
62979
62975
62980
62978
62982
62985
62981
62988
62992
62990
62993
62986
62989
62983
62994
62987
62991
62995
62984
62996
62998
62997
62999
63003
63001
63000
63005
63004
63002
63009
63006
63008
63010
63011
63007
63012
63013
63014
63015
63016
63018
63017
63021
63019
63028
63027
63020
63024
63023
63025
63031
63026
63030
63022
63029
63035
63034
63032
63033
63036
63037
63039
63043
63038
63042
63040
63041
63045
63044
63048
63046
63049
63052
63047
63050
63051
63053
63056
63055
63054
63065
63061
63057
63058
63069
63059
63070
63063
63068
63064
63062
63060
63071
63073
63066
63067
63072
63076
63075
63074
63077
63078
63079
63080
63083
63084
63088
63090
63086
63085
63097
63087
63089
63093
63081
63106
63096
63099
63094
63082
63105
63100
63115
63108
63110
63098
63109
63091
63092
63107
63114
63103
63111
63113
63101
63104
63102
63095
63116
63120
63129
63117
63118
63122
63125
63124
63126
63137
63119
63130
63133
63136
63123
63132
63128
63134
63131
63135
63140
63142
63138
63127
63141
63147
63146
63145
63121
63143
63139
63144
63112
63149
63150
63148
63159
63152
63160
63151
63155
63165
63169
63156
63157
63167
63164
63162
63170
63163
63161
63171
63166
63158
63154
63168
63173
63172
63174
63175
63180
63182
63176
63178
63181
63177
63179
63183
63153
63184
63185
63187
63186
63195
63191
63190
63189
63198
63207
63200
63201
63203
63204
63202
63197
63205
63192
63196
63208
63194
63193
63199
63188
63209
63210
63206
63213
63211
63212
63215
63214
63216
63243
63217
63245
63250
63218
63220
63219
63221
63222
63242
63224
63254
63233
63225
63223
63230
63244
63226
63229
63227
63232
63231
63235
63248
63241
63228
63240
63238
63252
63246
63237
63236
63239
63247
63249
63251
63256
63253
63255
63258
63257
63260
63234
63263
63259
63269
63270
63261
63262
63272
63266
63274
63267
63265
63273
63271
63279
63268
63276
63264
63275
63282
63283
63280
63281
63277
63278
63284
63286
63285
63288
63287
63289
63290
63291
63292
63295
63293
63296
63298
63301
63299
63304
63297
63300
63303
63306
63294
63310
63302
63305
63307
63309
63319
63308
63314
63316
63320
63315
63318
63317
63311
63312
63321
63313
63322
63323
63324
63325
63327
63326
63329
63330
63328
63360
63351
63361
63333
63368
63338
63369
63370
63372
63373
63349
63335
63358
63346
63345
63362
63355
63354
63352
63341
63337
63356
63376
63363
63359
63342
63347
63377
63357
63334
63332
63340
63375
63378
63383
63380
63379
63343
63353
63364
63367
63385
63382
63384
63365
63386
63350
63387
63390
63339
63389
63391
63336
63366
63395
63396
63397
63404
63405
63410
63348
63388
63412
63398
63393
63418
63402
63415
63419
63399
63401
63407
63413
63344
63409
63408
63414
63411
63417
63426
63371
63416
63331
63421
63422
63424
63425
63427
63423
63439
63429
63430
63428
63434
63431
63433
63435
63432
63436
63446
63448
63440
63443
63438
63437
63441
63442
63445
63444
63374
63447
63452
63451
63453
63449
63450
63456
63455
63454
63458
63381
63475
63461
63462
63460
63463
63459
63466
63464
63465
63471
63469
63467
63470
63468
63474
63473
63472
63486
63392
63394
63476
63478
63406
63479
63482
63481
63484
63483
63400
63403
63492
63487
63489
63488
63491
63490
63505
63495
63498
63497
63501
63496
63420
63499
63500
63503
63502
63494
63493
63485
63515
63509
63504
63516
63507
63508
63510
63512
63514
63511
63513
63529
63517
63480
63521
63519
63522
63518
63523
63520
63528
63527
63525
63477
63524
63526
63536
63534
63532
63535
63538
63531
63537
63530
63533
63539
63540
63541
63550
63544
63542
63543
63545
63547
63546
63560
63548
63549
63551
63552
63553
63556
63555
63562
63561
63559
63554
63568
63558
63563
63457
63564
63557
63571
63570
63565
63572
63569
63567
63566
63573
63574
63576
63577
63579
63578
63580
63575
63506
63584
63582
63585
63581
63583
63586
